0.0	0.0	0.0	0.0	0.0	0.0	0.0	0.0	0.0	0.0	0.0	0.0	0.0	0.0	0.0	0.0	0.0	0.0	0.0	0.0	0.0	0.0	0.0	0.0	0.0	0.0	0.0	0.0	0.0	0.0	0.0	0.0
0.6403397917747498	-0.4484924376010895	-0.9428826570510864	-0.9453331828117371	-0.02699110098183155	-0.3880552649497986	-2.4903581142425537	-1.2405697107315063	1.2988858222961426	1.3207772970199585	0.9716867208480835	-0.1166195198893547	0.6507466435432434	-1.1269663572311401	0.6399438381195068	-0.47087714076042175	0.01243011187762022	-0.9604873657226562	0.28497910499572754	-0.11527139693498611	1.9074326753616333	-0.624108612537384	0.876200258731842	0.1970137357711792	0.6936970353126526	0.8428948521614075	-2.0502986907958984	1.1279031038284302	-0.25907349586486816	1.1604843139648438	-1.0277526378631592	0.9303162097930908
0.25779518485069275	-1.4229187965393066	0.41089537739753723	-1.2589080333709717	0.49094340205192566	0.39110320806503296	0.14253823459148407	-0.6526830792427063	0.22314918041229248	0.3019452393054962	2.62038254737854	-0.3944287896156311	0.24097594618797302	0.14479179680347443	-0.3011762201786041	-0.9543272256851196	-0.8824727535247803	0.10435809195041656	1.5890198945999146	-1.4981272220611572	0.7617398500442505	-0.3478483259677887	0.1524466723203659	0.7941039800643921	1.1672953367233276	-0.06211862340569496	0.5254585146903992	0.07714717090129852	-0.036897752434015274	0.2951723039150238	2.0913751125335693	-0.8924896121025085
-0.22847501933574677	-0.006120378151535988	1.031813621520996	1.7393602132797241	0.787850558757782	-1.281728744506836	-0.7686073780059814	0.37176603078842163	-0.6575677990913391	-0.8481411933898926	-0.6825335621833801	0.4776390492916107	1.6212745904922485	0.2644979655742645	-0.7583107948303223	-1.26823890209198	-0.097062848508358	-1.3019543886184692	-0.8503727912902832	2.0775537490844727	0.26157844066619873	2.461750030517578	-0.33296170830726624	-0.6616215705871582	0.291351318359375	0.2640327215194702	-0.6014565229415894	0.5137971043586731	-1.1232120990753174	-0.23131637275218964	0.561139702796936	-0.08334037661552429
-0.2734621465206146	0.5140613317489624	-1.6479508876800537	-0.8279646635055542	-2.372152805328369	1.3866981267929077	-0.7485401034355164	-2.6983766555786133	0.12526576220989227	1.4614572525024414	-1.0793585777282715	0.6734759211540222	1.1438798904418945	1.2295783758163452	0.19507631659507751	0.21465471386909485	0.23716245591640472	0.6697260737419128	-1.3443344831466675	-0.1297038048505783	-2.172747850418091	0.6404213309288025	2.1051454544067383	-0.07316244393587112	0.8429340720176697	1.2231910228729248	0.6468944549560547	-1.2075544595718384	-1.5467746257781982	0.013699809089303017	0.6908593773841858	1.4186248779296875
1.3546826839447021	-1.139402151107788	-0.09671559929847717	-0.4947650134563446	-1.6758224964141846	0.4909018576145172	-0.8399027585983276	0.9238002896308899	-1.2063409090042114	-1.1874451637268066	1.0502210855484009	-0.9923455715179443	-1.546065092086792	1.0113236904144287	0.14262846112251282	0.5460457801818848	1.0053578615188599	-0.5800632834434509	-0.9236169457435608	0.9552094340324402	-1.6211638450622559	1.874285101890564	-0.7772793769836426	0.23376138508319855	-0.3785445988178253	-2.1366350650787354	0.26152074337005615	-0.20015810430049896	-0.3815954029560089	-0.1910412460565567	-0.8838211297988892	-0.36750856041908264
-0.9642524123191833	-1.252213954925537	-0.44900238513946533	1.1548255681991577	-0.6982096433639526	1.0694677829742432	1.478037714958191	0.35152581334114075	-2.113861083984375	1.2535066604614258	0.5056569576263428	-1.3732316493988037	-0.8882747888565063	-0.987852156162262	-0.02190735749900341	0.6885921359062195	1.3364864587783813	-1.122885823249817	-2.2561867237091064	-1.0807042121887207	-0.3917282819747925	-1.0744554996490479	-0.11873606592416763	0.37285318970680237	0.12219048291444778	-0.9061270952224731	-0.003914979286491871	-0.9075175523757935	1.461487889289856	0.18054328858852386	-0.8808563947677612	2.665884256362915
-0.4052392840385437	1.5479050874710083	1.2378652095794678	0.43953123688697815	-2.0149881839752197	-2.478503704071045	0.1669333279132843	-1.096184253692627	-0.12593911588191986	-0.17954938113689423	-1.043296217918396	-1.0168051719665527	1.1712911128997803	-0.001411248347721994	1.0382945537567139	-0.07825926691293716	0.38280531764030457	-0.3551318943500519	-1.2667993307113647	-0.18588583171367645	0.878757894039154	0.294472873210907	-0.7437331676483154	-0.17647045850753784	0.007689465768635273	-0.7955588698387146	0.045663509517908096	-0.4787499010562897	-1.0407042503356934	-0.8634753227233887	-1.5863004922866821	-1.056374192237854
0.22886304557323456	1.0041338205337524	1.4639570713043213	-0.1506698578596115	-0.3990423083305359	0.8403831124305725	-0.14311203360557556	-0.27298131585121155	-2.2321617603302	1.0359834432601929	-1.1974990367889404	1.4279032945632935	0.15815484523773193	1.0177414417266846	2.722419500350952	-0.53998863697052	-0.1172267273068428	-0.10194603353738785	-1.343091607093811	1.3505351543426514	-0.006622731685638428	-1.3982881307601929	0.037043794989585876	0.1665298342704773	1.9327458143234253	1.2529363632202148	0.42321476340293884	0.1289897859096527	0.016459230333566666	0.615490198135376	-0.9544045925140381	-1.502518892288208
0.09369701892137527	-0.14236615598201752	1.7948367595672607	-1.3763548135757446	-0.7832465767860413	0.14012840390205383	-2.180077314376831	-0.7421237826347351	-0.40347179770469666	-0.23479406535625458	0.3723667860031128	0.3146806061267853	0.16558021306991577	1.600967288017273	-0.39984744787216187	-0.04970274493098259	-1.5228406190872192	-0.5810779333114624	-0.5108703374862671	-1.73636794090271	2.1114790439605713	0.4391927123069763	-2.32674241065979	-0.10259971767663956	-1.2873406410217285	-1.2479734420776367	2.3049867153167725	1.4949595928192139	0.8700677752494812	-0.1403300166130066	0.08358936011791229	-0.8221678733825684
-0.2740059494972229	0.49617040157318115	0.11605769395828247	-0.8697230815887451	1.4536596536636353	0.4558679461479187	-0.882154107093811	-0.6027144193649292	0.47188201546669006	-0.3472527265548706	-1.1305248737335205	0.5917337536811829	-1.6239941120147705	0.27889448404312134	-0.8102245330810547	-0.4062783420085907	-1.5060920715332031	1.0515201091766357	-1.5634634494781494	-1.6201058626174927	2.28157901763916	0.5728827118873596	1.3016149997711182	-1.462254285812378	0.037458743900060654	-1.1697099208831787	-1.7703946828842163	0.7710299491882324	-0.3753056526184082	0.8986663222312927	-1.629197120666504	0.941939115524292
-0.08179318904876709	-1.7050368785858154	1.8679533004760742	1.563698649406433	0.4450843334197998	-0.07970478385686874	0.2793961763381958	-1.3409838676452637	1.2015236616134644	-0.8073753714561462	-0.44749915599823	1.3847390413284302	-0.649278998374939	0.5477761030197144	1.0166654586791992	1.1904561519622803	0.5321064591407776	0.9809458255767822	1.0412564277648926	-0.895911455154419	1.0109111070632935	1.0700629949569702	0.17714394629001617	0.7066351771354675	-0.43197575211524963	0.40054500102996826	-1.3631515502929688	-0.6369333267211914	-1.3211591243743896	0.20137491822242737	0.0752633661031723	1.6183445453643799
1.7011353969573975	0.6709179878234863	-1.0108734369277954	-0.33952808380126953	-0.8632065653800964	-0.4177371859550476	-0.1131325215101242	0.1095828041434288	-1.59792959690094	0.4051552414894104	0.47985610365867615	0.40711507201194763	0.401868611574173	0.8010212779045105	0.30522409081459045	1.12888765335083	1.020686149597168	0.21969568729400635	-0.16482821106910706	1.1507024765014648	0.790032148361206	-1.3260183334350586	-0.10968882590532303	1.798221230506897	2.0979883670806885	0.1474236696958542	-0.2613377869129181	1.6557592153549194	-1.0700246095657349	0.5419148802757263	0.4281645715236664	-0.09678512066602707
-1.6489945650100708	0.12408147752285004	1.9282946586608887	-0.18388326466083527	-0.014955137856304646	0.6773207783699036	-0.37368741631507874	2.3475098609924316	0.14198128879070282	0.5893348455429077	0.7643901109695435	0.4303095042705536	0.23178769648075104	-1.047254204750061	1.1186435222625732	-0.2173706740140915	-0.07030995190143585	1.2267205715179443	2.8414204120635986	1.0117814540863037	1.9922196865081787	-0.4117691218852997	1.7331767082214355	0.654827356338501	-0.7176877856254578	-1.3359200954437256	-0.023877469822764397	-1.6149728298187256	-0.21193915605545044	0.7810938358306885	0.15815500915050507	-0.2955172657966614
0.11030269414186478	2.147325038909912	-1.2325490713119507	0.9267693161964417	0.6639366745948792	0.19470064342021942	1.2476141452789307	0.9544385075569153	-0.620721161365509	-1.5531550645828247	1.5132509469985962	-0.6511298418045044	1.3598383665084839	-0.006773070432245731	0.41983532905578613	0.15647976100444794	1.0057116746902466	-0.8581668138504028	-0.5468006730079651	-0.7633354663848877	-2.484092950820923	-1.0038886070251465	-1.6518995761871338	0.10330591350793839	1.2033718824386597	-0.7476029992103577	-0.576667070388794	-0.851538360118866	-0.1342855840921402	-0.8141242265701294	-2.709336519241333	0.3951846659183502
0.43399396538734436	0.6363664269447327	2.262739658355713	1.5048195123672485	-0.34997257590293884	-1.6139007806777954	0.01245629321783781	1.3838869333267212	-0.7455889582633972	-1.6643441915512085	-0.2682466506958008	0.43454352021217346	0.5137486457824707	1.6296793222427368	0.26307061314582825	1.846312165260315	0.9805131554603577	2.006528377532959	0.5417435169219971	1.059543490409851	-1.8800597190856934	-0.8965225219726562	-2.052206039428711	1.1119775772094727	1.8294743299484253	0.20321281254291534	-1.1195818185806274	0.5343583226203918	-0.962710440158844	0.07531806826591492	-1.7416902780532837	1.189542531967163
2.8209526538848877	-0.7224200963973999	-0.7744619846343994	0.46445125341415405	-0.9170663356781006	1.0897033214569092	-1.2951678037643433	0.44248610734939575	2.9829392433166504	2.3816466331481934	-0.45844852924346924	1.3712894916534424	-0.9714537262916565	0.8205947279930115	0.31411951780319214	1.12759530544281	1.685281753540039	-0.03510105237364769	2.172825336456299	-0.5025398135185242	-0.8171171545982361	1.33995521068573	-0.8924381732940674	-1.9162449836730957	-0.7064786553382874	1.0434281826019287	-1.5342011451721191	-0.36561501026153564	-0.5753501057624817	-0.3384653329849243	-1.5653984546661377	-0.1519656926393509
-0.133980855345726	1.922213077545166	-0.21446506679058075	-1.3110970258712769	0.17185743153095245	-1.5124008655548096	1.7021392583847046	-0.6690390706062317	-0.4005560278892517	-0.2955304980278015	-0.5256897807121277	0.7284457087516785	0.2945983111858368	-0.2095232456922531	0.6431536674499512	-0.7171183228492737	-2.126349449157715	0.21784359216690063	0.24763351678848267	0.4757881760597229	-0.15490220487117767	1.6136341094970703	1.2285014390945435	-0.173795685172081	0.8178918957710266	1.1991405487060547	-1.1596037149429321	-0.3970697522163391	-0.3886740207672119	0.6222220659255981	1.1538968086242676	1.2954026460647583
-0.0946555808186531	0.2744576334953308	-0.0012693528551608324	0.710002601146698	0.9098204374313354	-2.565045118331909	1.4310721158981323	2.521317958831787	-1.342681884765625	-0.15102633833885193	-1.0997123718261719	1.9448411464691162	-2.149341344833374	-0.6932477951049805	0.061539147049188614	-0.39983129501342773	-1.5560510158538818	-0.21604418754577637	-1.1941288709640503	2.4030895233154297	1.0056068897247314	-2.022407293319702	-1.343040108680725	0.5323425531387329	0.05205453559756279	-0.3017871379852295	1.8044618368148804	-2.7619903087615967	-0.6095571517944336	1.1215455532073975	-2.08905291557312	-2.0433096885681152
0.4998023211956024	1.966050386428833	0.8790684342384338	0.550876259803772	0.23131059110164642	-0.6449689865112305	-0.149750754237175	1.184493899345398	-0.05344700813293457	0.2428741306066513	2.173069477081299	-2.721729278564453	0.34670642018318176	-0.7463973760604858	1.648926019668579	1.6340548992156982	-2.251802444458008	-0.19269360601902008	1.1192082166671753	-0.9625596404075623	-0.9430024027824402	1.0557039976119995	-1.061830997467041	1.033246397972107	0.8084594011306763	1.0132673978805542	-0.35417407751083374	0.04650852456688881	-0.4324057996273041	-0.8204538226127625	-0.36102166771888733	0.7988652586936951
0.6782963871955872	-1.2837250232696533	-0.6318694949150085	2.7897167205810547	0.23559753596782684	2.216505289077759	1.4327490329742432	2.2767984867095947	-0.18490278720855713	-0.6153441667556763	0.28125646710395813	1.1037030220031738	-0.34432998299598694	-0.8309239149093628	1.8954925537109375	-2.697401285171509	1.2192667722702026	-0.6992912292480469	-1.1079113483428955	-0.22025810182094574	0.6060963273048401	-0.2846945524215698	-0.38327842950820923	2.263864517211914	0.11516789346933365	-0.22368526458740234	2.1796305179595947	1.1803812980651855	0.3296184837818146	-2.375781297683716	-0.8862817883491516	1.1848011016845703
1.753267765045166	-0.9008266925811768	-0.07707598060369492	-0.9650244116783142	0.3087726831436157	0.43578651547431946	0.3639046251773834	-1.6411657333374023	-1.3392208814620972	-0.5817331671714783	-0.32770565152168274	-0.4131157696247101	-0.13928061723709106	0.4102145731449127	-0.7156233787536621	-0.34357914328575134	-0.7177939414978027	-0.31822919845581055	0.6513421535491943	-0.14732103049755096	1.2410290241241455	-0.45017436146736145	-1.0744143724441528	-1.3209493160247803	1.3914895057678223	-1.091530442237854	0.27431318163871765	-1.4607188701629639	0.7265986800193787	0.4278816878795624	-1.2630897760391235	-0.003867095336318016
0.6805422306060791	0.06730279326438904	1.6835047006607056	-0.043174732476472855	0.20211105048656464	1.3679746389389038	1.0541911125183105	-0.06569299101829529	-0.7603096961975098	-1.3379050493240356	-1.5181825160980225	-1.045805811882019	0.12454856932163239	-2.0301122665405273	-0.7799730896949768	0.8507174253463745	0.12814247608184814	0.8523746132850647	1.4772498607635498	0.5271127223968506	0.30953943729400635	0.4191374182701111	0.6137811541557312	-0.7641030550003052	-0.9229878783226013	1.619112491607666	0.3396271765232086	-0.11761166155338287	-0.09988382458686829	0.26346108317375183	2.2489733695983887	-0.6362252831459045
-0.12305363267660141	-0.6620160937309265	1.2824369668960571	-0.7873411178588867	1.4128793478012085	1.719502568244934	-1.4239742755889893	-0.6041549444198608	-0.4121534824371338	0.2774871289730072	-0.018026281148195267	-1.7277288436889648	-0.1824222356081009	-0.7921885848045349	0.8126672506332397	-0.21596954762935638	-1.1626269817352295	-0.44811931252479553	-0.1597612202167511	0.31747347116470337	0.07092946022748947	0.16861267387866974	-1.045076847076416	1.059714674949646	-0.6180540323257446	-1.2815827131271362	0.5573979020118713	0.15576574206352234	1.4813123941421509	-0.5081444978713989	-0.12211326509714127	0.48735013604164124
-0.7305123805999756	1.5120998620986938	0.3458218574523926	-0.3547728359699249	1.6086103916168213	0.9364021420478821	1.2760006189346313	-1.5241361856460571	-0.4412783682346344	2.017425775527954	-1.74542236328125	1.9846001863479614	-1.3274339437484741	1.0257725715637207	-1.2257522344589233	-0.9952555894851685	-0.2542453110218048	0.4104502201080322	-2.4941165447235107	-0.9829655885696411	0.926520586013794	-0.3563179075717926	-0.3527407646179199	0.4026080071926117	0.5546243786811829	0.8507843613624573	1.5985677242279053	0.2601448595523834	0.1931774765253067	-0.6816529631614685	0.4065171778202057	0.05647476390004158
-0.19496537744998932	-0.04267268627882004	1.3343371152877808	-0.3473410904407501	-2.836477518081665	0.19905096292495728	1.4590672254562378	-0.6029948592185974	-0.311257004737854	-2.2825207710266113	0.6668058633804321	-0.34160926938056946	0.40828967094421387	0.652009129524231	0.6234355568885803	-0.407396137714386	-0.7346187233924866	2.3474931716918945	-0.2792304456233978	-1.6672351360321045	2.6823394298553467	0.7112835049629211	0.8850682973861694	0.8946099281311035	-0.3234645426273346	0.8716662526130676	-0.4884369969367981	-0.2282305806875229	1.308562159538269	-0.3604383170604706	-0.6205502152442932	0.09194570034742355
-1.784973382949829	-0.5253607630729675	-0.23080313205718994	-1.1435811519622803	1.2628604173660278	-0.4088524580001831	1.1421743631362915	0.8945997953414917	-0.8105461597442627	-0.16843093931674957	-0.1328214704990387	1.4513821601867676	0.7917082905769348	0.10776887089014053	0.4859342873096466	1.7824875116348267	0.10547151416540146	-1.5169000625610352	0.9760440587997437	0.39328089356422424	-0.024046767503023148	1.437027931213379	1.4485877752304077	-1.9320613145828247	1.013661503791809	0.17807434499263763	-2.324673652648926	0.6907084584236145	-0.8584578037261963	2.0085954666137695	-0.6270675659179688	-1.1897727251052856
0.7749588489532471	0.14526674151420593	-1.122565746307373	0.6257108449935913	2.022366523742676	-0.13753876090049744	-1.1755855083465576	-0.11269467324018478	-2.0225579738616943	-0.13230237364768982	-1.6032737493515015	-0.9878804683685303	0.39993441104888916	1.7756917476654053	0.8765577673912048	-0.47155946493148804	1.2649493217468262	-0.33827832341194153	-0.4313288927078247	1.8010600805282593	-0.699027955532074	0.5787594318389893	0.9739147424697876	0.6313964128494263	1.7593326568603516	0.677825927734375	-0.1364099383354187	0.7867282629013062	1.795652985572815	-0.4337855279445648	2.4410855770111084	1.0880401134490967
-0.8873577117919922	-0.3487856686115265	1.2971243858337402	0.66925448179245	-0.34448671340942383	-0.6009925007820129	0.5361271500587463	-0.727515697479248	0.4996558725833893	-0.18709591031074524	3.6077473163604736	-0.5114660263061523	0.47616007924079895	-0.8807228207588196	-1.6968934535980225	-0.3580980598926544	0.7997831702232361	0.34518367052078247	0.09590309113264084	0.35252684354782104	-2.034140110015869	-1.684566617012024	-1.1075811386108398	-0.9757811427116394	0.3450899124145508	0.34081700444221497	0.6479840874671936	-0.6170821189880371	0.43971046805381775	-0.02334739826619625	-0.9777042865753174	1.561206340789795
-1.225891351699829	-0.8480454683303833	0.6721731424331665	0.5081295967102051	-0.01495232805609703	2.245121479034424	-0.5055044889450073	2.169835090637207	-0.10411795228719711	-0.676247775554657	-0.7969220280647278	-0.5443964004516602	0.02407662756741047	-0.3137315511703491	0.8502060770988464	-0.0069404179230332375	1.0979211330413818	0.6146968007087708	-0.3951950967311859	-0.6160693764686584	-1.3031518459320068	1.8470157384872437	0.4022129476070404	-0.5650913119316101	-0.557727038860321	0.47155022621154785	-0.28282657265663147	0.026478204876184464	-0.9285932183265686	-0.20486174523830414	-1.1079758405685425	-0.42849603295326233
1.26747727394104	0.5853123664855957	0.9815426468849182	-0.19734777510166168	-1.563002347946167	1.128487229347229	1.0863332748413086	0.8326091766357422	-1.3609404563903809	-0.16893868148326874	-0.5127068758010864	-0.6234461665153503	2.605605125427246	0.6584933996200562	0.3061145842075348	-0.44782763719558716	-1.3204553127288818	-0.7736643552780151	0.5243444442749023	-1.803879737854004	1.1164648532867432	-0.6689414381980896	-0.42446252703666687	-1.7032784223556519	1.2523701190948486	0.0719391405582428	-0.21497422456741333	-0.6163347959518433	-1.0230463743209839	-0.44368860125541687	-0.5106781125068665	-0.9625191688537598
-0.4626004695892334	0.39210397005081177	0.3421681821346283	-1.0316416025161743	1.1618390083312988	0.9024840593338013	0.3656269907951355	0.2669833302497864	0.2930956184864044	-0.45444393157958984	-0.08308253437280655	0.4299923777580261	-1.0671131610870361	1.1301647424697876	-0.27318909764289856	0.046995874494314194	0.6136636734008789	0.535487711429596	-0.1539742648601532	2.2752885818481445	-0.7684817314147949	1.0217852592468262	0.8323885798454285	0.13375023007392883	-1.2457382678985596	-0.26719725131988525	-0.268583744764328	1.0756467580795288	1.1752846240997314	1.9284874200820923	-1.0768041610717773	-1.0395011901855469
-2.0910556316375732	-1.2754825353622437	0.06342735141515732	0.1082497164607048	2.152522563934326	-0.09409907460212708	0.9087278842926025	0.80062335729599	0.09025295823812485	1.0864057540893555	0.9398232102394104	1.4693644046783447	-0.5860665440559387	-0.8891206979751587	2.2117245197296143	-0.13332048058509827	-0.08624577522277832	1.4880796670913696	-1.3015614748001099	0.4779917299747467	1.9225258827209473	0.24134889245033264	-1.2529149055480957	-0.23311418294906616	1.6356550455093384	0.6961008310317993	0.0747373104095459	-1.2788221836090088	0.7180671691894531	0.07641184329986572	-0.3924776315689087	0.5079902410507202
0.7026863694190979	-2.8065879344940186	0.029578089714050293	0.6865636706352234	0.2524435520172119	-0.13048702478408813	0.500266432762146	-0.1124902218580246	1.1443843841552734	0.9700678586959839	0.8398305773735046	-1.0206197500228882	-1.4382765293121338	0.44126707315444946	0.4874952435493469	-1.0234265327453613	-0.2091434746980667	0.599213182926178	4.101250648498535	-0.32702815532684326	0.17616738379001617	-1.970282793045044	0.20305095613002777	-0.530610978603363	-0.4268417954444885	-0.9334513545036316	-1.234724760055542	-1.5654020309448242	-1.091109037399292	-0.22660870850086212	-1.5108729600906372	1.8488049507141113
-0.41892650723457336	-0.7824890613555908	-0.963199257850647	-2.427706003189087	0.325560063123703	0.6775869727134705	-1.6846575736999512	-0.7160063982009888	2.1065220832824707	-1.4879751205444336	1.5677423477172852	0.43833276629447937	0.319600909948349	0.2210778445005417	-1.5288631916046143	-0.4002324044704437	-0.41684389114379883	2.654001235961914	-0.12748391926288605	-1.1005033254623413	0.014129803515970707	-0.9813278317451477	0.14978861808776855	-2.252065896987915	-0.4043644964694977	-0.8007048964500427	-0.3176100552082062	-0.8316678404808044	1.4303771257400513	-0.0647001639008522	0.20872241258621216	-0.6140604615211487
-1.3054137229919434	-0.22535449266433716	0.22344015538692474	1.3534905910491943	1.5662556886672974	2.413210391998291	-0.9072149395942688	1.2794208526611328	-0.91693115234375	-0.5487333536148071	0.9469459056854248	0.8864085078239441	-1.9364268779754639	0.12084264308214188	-0.05096641555428505	0.29681912064552307	-0.8007110953330994	0.6322028636932373	2.1106271743774414	1.1945964097976685	0.7984536290168762	-0.02755480259656906	0.8514356017112732	2.0686988830566406	-0.7363406419754028	-1.7565127611160278	-0.008095674216747284	-1.310235619544983	-0.5280470848083496	0.9862707257270813	-1.0268348455429077	-0.9671755433082581
-0.582737386226654	0.3123811185359955	0.3716331720352173	0.31058236956596375	-1.5335166454315186	0.6326860785484314	-1.2542164325714111	0.1284855306148529	-1.6905256509780884	1.554278016090393	-0.32589754462242126	0.8974112272262573	0.9878662824630737	-0.8425731062889099	-0.22314894199371338	-0.9951961636543274	-0.17070041596889496	-0.2656300663948059	-1.4795682430267334	-0.7543280124664307	-1.1436082124710083	-0.46721306443214417	0.1512775719165802	0.5288617014884949	2.3901052474975586	-0.30762630701065063	-1.3218718767166138	0.31522056460380554	-0.5981636643409729	0.6839450597763062	0.33281537890434265	-0.8079209923744202
-0.28405630588531494	-1.317299246788025	-0.08844748884439468	-0.6053000688552856	-1.332073450088501	-0.346091091632843	2.100745916366577	-0.2669096887111664	-0.3021976947784424	1.0137789249420166	-0.20337750017642975	-0.5385863780975342	0.0037204024847596884	1.9250866174697876	0.9414218068122864	1.249675989151001	1.2324683666229248	0.30653324723243713	0.08303115516901016	0.7110760807991028	0.06462094187736511	1.2283037900924683	-0.7696681618690491	-1.5040327310562134	1.0610238313674927	-0.225954070687294	-0.0607885867357254	0.37935882806777954	0.1323947310447693	-0.9689556360244751	1.7753351926803589	0.052080657333135605
0.8709825873374939	-0.09718185663223267	1.259927749633789	-1.2527514696121216	-1.3264085054397583	1.4694433212280273	0.8576259016990662	-1.348979115486145	-0.5313314199447632	0.4524727761745453	-1.3479506969451904	-0.08123927563428879	0.3046617805957794	-0.2615000307559967	0.0564018152654171	0.9831372499465942	-0.8920814990997314	-1.4268369674682617	1.7510085105895996	0.8482972383499146	0.07010772079229355	-0.1053815633058548	1.2658690214157104	-1.4745138883590698	-1.963769793510437	0.04828396812081337	-1.0527493953704834	-0.036999013274908066	-1.2213996648788452	0.6747578382492065	0.39513182640075684	1.2349982261657715
1.3084707260131836	0.6158910393714905	-0.5440927743911743	-0.0029057732317596674	-0.22835879027843475	0.3115668296813965	-0.019009331241250038	-2.9757025241851807	1.0005791187286377	-0.10882895439863205	-0.22010737657546997	-0.7558222413063049	-0.4869846701622009	-2.1591074466705322	1.3803547620773315	0.5602051019668579	0.8254770636558533	0.08992967009544373	0.44765153527259827	-1.0335038900375366	1.2181318998336792	-0.1629207581281662	0.38929101824760437	-0.04685105010867119	-1.7925658226013184	0.7018585801124573	-0.626891553401947	-0.17603671550750732	0.15347395837306976	-0.6302497982978821	0.2578951418399811	-0.9865877628326416
2.489367961883545	-0.46315503120422363	0.20908020436763763	-0.5222118496894836	-0.09160289913415909	-0.3588123023509979	-0.4639410674571991	0.4774232804775238	1.5935574769973755	-0.3907419443130493	0.6623563766479492	0.41222187876701355	-0.3558882772922516	0.47916263341903687	-0.46133941411972046	0.35184985399246216	0.6027700901031494	-1.027592658996582	0.5422582626342773	-0.14510299265384674	0.014094442129135132	-0.3286788761615753	-0.2814315855503082	-0.05404062941670418	-0.312740683555603	-0.7625570297241211	-1.7287507057189941	0.05923106148838997	0.33189141750335693	-1.0760626792907715	-1.241644024848938	0.4108665883541107
0.48984554409980774	1.4471038579940796	-0.9165970683097839	0.7963813543319702	0.38961416482925415	1.3971747159957886	1.5432162284851074	1.646186113357544	-0.34348785877227783	-0.9754155874252319	-0.6716903448104858	-1.2243800163269043	-2.1972522735595703	-1.6894103288650513	0.7298392057418823	-0.5913838148117065	0.12308917194604874	-0.088448666036129	2.025221824645996	0.8640863299369812	0.6504047513008118	-1.0895633697509766	-0.7107602953910828	-0.538067102432251	0.1040225625038147	-0.7437002658843994	-0.6199304461479187	1.5860906839370728	1.5383687019348145	-0.24551750719547272	-1.0557186603546143	-1.6509697437286377
1.4396381378173828	-0.9813851118087769	0.05142706632614136	2.173489809036255	-0.8351405262947083	1.5571017265319824	-1.4681504964828491	1.2201801538467407	0.09203406423330307	-0.6557156443595886	-0.6170446276664734	0.9745126962661743	-0.2749370038509369	-0.6354814171791077	-0.18220466375350952	1.6459287405014038	1.5659279823303223	-2.2914514541625977	0.471082866191864	0.7435938715934753	-0.2436552494764328	0.9279658794403076	-0.013163800351321697	-2.864466667175293	0.7788100242614746	0.772797703742981	0.6936803460121155	1.0729293823242188	0.8377701044082642	-2.0325863361358643	-0.8393607139587402	2.025040626525879
0.31976938247680664	-1.0287604331970215	-0.721808671951294	1.3240153789520264	1.5629812479019165	-0.8580782413482666	-0.515843391418457	0.02028309553861618	1.47026526927948	-0.9572120308876038	0.37857362627983093	0.6529595851898193	0.29582440853118896	-1.8849700689315796	-0.9447185397148132	-0.10165249556303024	0.3177238404750824	0.4517810344696045	-1.7330098152160645	-1.1589175462722778	-0.6495691537857056	1.8720918893814087	0.1542832851409912	-0.5608088374137878	-0.13734884560108185	-0.6898173093795776	0.7900513410568237	0.2857281267642975	1.523640751838684	1.4861056804656982	-0.7762393951416016	1.0277485847473145
1.4053364992141724	-0.575005829334259	-0.40724697709083557	-1.5060372352600098	0.03696652129292488	1.6073211431503296	0.2066105306148529	0.41015514731407166	0.2696423828601837	-1.0006835460662842	-0.7898991703987122	0.6467384696006775	0.9310228824615479	0.7956684231758118	0.6696854829788208	0.2263443022966385	-1.2113481760025024	0.4248652756214142	0.911151111125946	1.0675791501998901	-0.11013215035200119	0.008190256543457508	-1.1354981660842896	1.0695818662643433	-1.2970712184906006	0.8122352957725525	0.05974140390753746	-1.2857109308242798	-0.8050485849380493	0.9546595811843872	-0.5704901814460754	-2.1352145671844482
0.4732818603515625	0.7330151200294495	1.277308702468872	0.9331640005111694	0.7572640180587769	-0.5394703149795532	1.4561347961425781	-2.4655513763427734	-0.5622790455818176	0.3628048002719879	-0.8695778846740723	-1.1318507194519043	0.5950679183006287	1.166938066482544	0.006476506125181913	0.9598847031593323	1.5530439615249634	-1.3634746074676514	0.8215824365615845	0.9499505162239075	0.839977502822876	-0.6426717042922974	0.06227009743452072	-0.7655496597290039	1.1628395318984985	1.430574655532837	0.1734894961118698	1.2787213325500488	0.8790267705917358	0.45789384841918945	-2.303446054458618	-0.5399948954582214
0.35355013608932495	0.20715510845184326	0.2812439799308777	2.7426297664642334	-1.5736033916473389	1.4620692729949951	-1.51878023147583	-1.7765183448791504	-0.9385101795196533	0.0035986497532576323	-0.8052319884300232	-1.1757872104644775	1.4018865823745728	1.2702761888504028	0.27258536219596863	-0.30797716975212097	-1.9333244562149048	0.33215323090553284	0.9277089238166809	0.6039428114891052	-0.380819171667099	-1.7470476627349854	0.5805865526199341	-0.039410579949617386	-0.15007439255714417	1.4884397983551025	2.1145124435424805	0.29683825373649597	-0.6515852808952332	-0.5668954253196716	0.7749438285827637	-0.1259608417749405
-0.1295943409204483	0.6946821808815002	-0.9838945865631104	-1.517634391784668	-0.15588319301605225	0.06816316395998001	1.4525333642959595	-1.2014884948730469	-1.0394604206085205	0.8818362355232239	0.15723703801631927	1.7487539052963257	-0.7513910531997681	2.8447844982147217	-0.6414089202880859	1.1808559894561768	-0.8852739930152893	-0.554006814956665	-0.3926117718219757	-1.4120032787322998	-1.500540018081665	-0.9801025986671448	-0.3794354796409607	-0.15346816182136536	0.7819234132766724	0.16952167451381683	-0.4971015155315399	-2.309934139251709	-0.1698879450559616	-1.6854013204574585	1.8548283576965332	0.8495450019836426
-0.3748454749584198	-0.6629399657249451	-0.7723138332366943	-1.2295637130737305	-2.333479881286621	-0.31226402521133423	-0.2897241413593292	1.2003703117370605	-0.6439715027809143	-1.0818257331848145	1.2053908109664917	1.335878849029541	-0.7870710492134094	-0.6539626121520996	-0.27612730860710144	0.8239404559135437	0.09962865710258484	-1.050346851348877	-0.9049670100212097	-1.8894121646881104	-1.9962669610977173	0.9091789126396179	0.485898494720459	-0.5840583443641663	-0.9118891954421997	0.9543470144271851	0.5750831365585327	0.37945815920829773	-1.024578332901001	0.4820276200771332	-1.826663613319397	-1.6169312000274658
0.8570140600204468	-0.3042309284210205	-0.823130190372467	0.3097899258136749	0.003945461008697748	0.6825626492500305	1.3391838073730469	-0.6965811848640442	0.43813395500183105	-0.4092443287372589	0.695580780506134	-1.228966236114502	-0.7780459523200989	0.20752212405204773	0.5729707479476929	-0.25937920808792114	1.014212727546692	1.0616209506988525	-1.404790997505188	0.06046363338828087	0.5256831049919128	-1.8313848972320557	-1.455569863319397	0.03324686735868454	-0.8545745611190796	-1.8236169815063477	0.5352356433868408	-0.9470528960227966	-1.4626604318618774	-0.3035997152328491	2.243504285812378	0.9967145323753357
1.2972967624664307	-0.05741962045431137	0.0961332842707634	1.117162823677063	0.6995885372161865	1.352361798286438	-0.31609758734703064	-2.7585322856903076	0.4408695697784424	-0.6777634620666504	-0.18416693806648254	0.6319921612739563	-0.3674654960632324	-0.31609228253364563	1.0637414455413818	-0.41410398483276367	0.2932857275009155	1.1569184064865112	0.9560043811798096	1.1648057699203491	-1.0048892498016357	-0.9863067865371704	-1.3467679023742676	0.752774178981781	-0.014493274502456188	1.8319231271743774	1.6638147830963135	-1.4327560663223267	-1.71528959274292	1.3858990669250488	0.22201545536518097	-2.0290253162384033
1.2681517601013184	1.7919524908065796	-1.124201774597168	0.6740315556526184	-0.2485717236995697	1.9519641399383545	-1.482059121131897	-0.17631754279136658	0.16069157421588898	0.4468359053134918	-0.22219344973564148	2.8551135063171387	2.589616060256958	0.6604500412940979	0.8714163303375244	-1.4350417852401733	-0.5421340465545654	-1.6483211517333984	2.0394041538238525	0.5936082005500793	0.5379337668418884	-2.101379156112671	-1.6966071128845215	-0.5804317593574524	-0.2289709746837616	1.2563880681991577	1.4050511121749878	-1.7123209238052368	0.3308613896369934	-0.553141176700592	1.2895176410675049	-0.6842119097709656
-0.04646380618214607	1.1869869232177734	-0.5386590957641602	-0.4869409203529358	-1.436184287071228	0.08543132990598679	0.37343892455101013	0.33887648582458496	0.22425520420074463	0.9171560406684875	1.5395900011062622	-0.4911678433418274	-1.7851228713989258	0.5689504742622375	-0.01685773953795433	-1.6795498132705688	-0.3503566086292267	-0.1065063625574112	1.3978781700134277	0.36187079548835754	0.21104800701141357	0.13077625632286072	-0.5690742135047913	0.015107538551092148	1.8959548473358154	0.07641540467739105	-0.4701271057128906	0.6365997195243835	1.9657039642333984	1.0223720073699951	-0.20864325761795044	0.7587828636169434
0.0037713604979217052	0.9128140211105347	0.8034398555755615	1.2457098960876465	1.011489987373352	0.4024449586868286	-0.021257957443594933	0.9592167735099792	-0.9677737355232239	-0.07179412990808487	1.1350728273391724	-0.2441539466381073	-3.0433804988861084	0.7329471707344055	0.11282151937484741	0.42624524235725403	-0.9152997136116028	-2.217784881591797	0.7545817494392395	-0.2523422837257385	1.9059919118881226	0.5112282633781433	-1.213351845741272	0.10423968732357025	-0.8687573075294495	-0.49128589034080505	-2.0932562351226807	-0.42892181873321533	1.124163269996643	-1.041778564453125	-1.710586428642273	-1.2949895858764648
-0.9090433716773987	0.6952038407325745	-0.7023243308067322	-0.33428412675857544	-0.8427618741989136	1.4873865842819214	0.2630653381347656	1.461391806602478	-0.5256714224815369	-1.2067604064941406	0.12760035693645477	-0.5694208145141602	-0.268790066242218	0.22948387265205383	0.6052561402320862	2.2325122356414795	0.6754531860351562	-1.048397183418274	-0.7261317372322083	0.007293300237506628	-0.03790534660220146	1.3814888000488281	0.12771768867969513	0.8119651079177856	1.068267583847046	-0.7583036422729492	0.731576681137085	1.5474997758865356	-0.17595456540584564	-0.10308101028203964	-1.130776047706604	-0.278621107339859
-0.6309368014335632	-0.20188382267951965	-0.6710457801818848	-0.2679480016231537	-1.3328014612197876	0.07845725864171982	-2.212846040725708	1.9326318502426147	0.7825719714164734	-1.0054430961608887	0.8365901708602905	-2.1645994186401367	0.5983952283859253	-0.18047736585140228	0.16975301504135132	-0.32424595952033997	-0.8122963309288025	-0.4368935227394104	-1.269995093345642	1.1995776891708374	-1.3947622776031494	0.07037599384784698	-0.4426644742488861	-2.0884034633636475	-0.9766082167625427	-1.9728596210479736	3.447601079940796	-1.276697039604187	-0.16117015480995178	0.3201165199279785	-0.6901460886001587	0.24916526675224304
1.1378173828125	-2.5496695041656494	0.4041071832180023	2.085874080657959	-0.023495782166719437	-1.3430594205856323	1.1485127210617065	1.603776216506958	-0.9468366503715515	-0.5555045008659363	0.863567590713501	0.996719241142273	1.4243820905685425	2.976766347885132	0.24124503135681152	0.5862600803375244	-0.9124909043312073	0.09635253250598907	1.1475917100906372	0.9743863940238953	0.7948251962661743	-0.07413265854120255	0.9098154306411743	-1.443086862564087	0.7503777742385864	1.7095190286636353	-0.8469589352607727	-0.04808243364095688	-1.1083853244781494	2.1317129135131836	0.4137832224369049	-0.8739123344421387
-0.7601819038391113	-0.16674871742725372	0.10646019876003265	-0.09646045416593552	-1.4700347185134888	-0.19071492552757263	0.289313942193985	2.3549647331237793	-0.283860445022583	1.0518176555633545	-0.46191853284835815	-0.5599847435951233	-0.7065634727478027	0.01615387201309204	0.653224766254425	0.5971095561981201	1.674416184425354	-0.3746578097343445	1.2856013774871826	0.3268011808395386	-0.7991817593574524	1.3377751111984253	1.3915092945098877	0.291878342628479	0.26943734288215637	-1.603164792060852	-1.7953767776489258	-0.022981954738497734	1.7373117208480835	-1.460092306137085	-1.221794605255127	0.5141595602035522
-1.3660542964935303	-0.3920840322971344	0.5570529699325562	1.0231542587280273	-1.9467310905456543	-0.7317847013473511	-0.4424017369747162	1.2251968383789062	-0.8064090013504028	-0.4905700087547302	2.3485021591186523	-0.6977384090423584	1.4687613248825073	-0.2977454662322998	1.053252935409546	1.3493773937225342	1.1986839771270752	1.8518213033676147	0.18173855543136597	-0.5118725895881653	-0.7844239473342896	0.2695745825767517	0.4632062017917633	1.4314876794815063	-0.7678013443946838	0.6127752661705017	-1.214972972869873	0.5297579169273376	0.9789133071899414	0.41386061906814575	-1.105662226676941	-0.17426717281341553
1.4324564933776855	0.20735573768615723	0.790393590927124	1.3625082969665527	0.20455248653888702	0.7132918834686279	-0.38212692737579346	0.28523316979408264	-0.9604698419570923	-0.046045828610658646	-0.40666520595550537	0.2162024974822998	-2.0658435821533203	-1.273252010345459	0.79423588514328	0.5635530352592468	0.46579015254974365	0.5335400700569153	-2.703986644744873	-0.17500460147857666	0.042295560240745544	0.5249967575073242	-1.1231517791748047	-0.399885892868042	-0.24139752984046936	0.18784716725349426	-0.3878617584705353	0.6593639850616455	0.18193671107292175	0.38781246542930603	-0.6301694512367249	-1.7701821327209473
-0.8058592677116394	-0.2627476453781128	-0.11582566797733307	-0.9378993511199951	-1.10099196434021	0.5808013081550598	-0.7379993796348572	-0.1468876451253891	-0.556209146976471	-0.5508103370666504	-0.48865586519241333	1.0582869052886963	0.4462660551071167	-0.8958885073661804	-0.043953750282526016	0.10332782566547394	-1.3733165264129639	0.09978128224611282	-0.8586952090263367	1.4609756469726562	-2.1263644695281982	0.8180520534515381	-1.8254241943359375	-0.2342025637626648	-0.44550180435180664	-1.2810382843017578	-1.4762271642684937	-0.10044150799512863	0.4440644383430481	0.8547825813293457	-1.3250524997711182	0.23376575112342834
-0.043641600757837296	2.1913342475891113	-0.5869950652122498	-1.0564086437225342	-0.058282479643821716	-1.2556514739990234	0.6859325170516968	-0.17201660573482513	1.1305363178253174	1.2001943588256836	1.0401142835617065	0.38114067912101746	1.2937242984771729	1.0068614482879639	0.42181625962257385	0.2872752249240875	-0.566316545009613	1.167673945426941	0.8896430730819702	1.048604130744934	1.8852804899215698	1.116504192352295	0.5109427571296692	1.5626758337020874	0.12337586283683777	-0.3945498466491699	-1.6249905824661255	2.0016913414001465	0.392676442861557	-0.23883692920207977	0.8165331482887268	-0.00018013908993452787
-3.1419146060943604	-0.038555387407541275	0.49592626094818115	-0.30805376172065735	1.5817164182662964	0.7150619029998779	-0.11206723749637604	0.6622415781021118	-0.21139490604400635	1.4638206958770752	1.3321561813354492	-0.3017595410346985	-0.9326521158218384	-1.3725301027297974	-1.067463994026184	1.1090409755706787	-0.07201600074768066	0.871819257736206	0.4306259751319885	0.0845380425453186	1.7224006652832031	1.1087960004806519	0.6407477855682373	0.5122297406196594	-0.5762770771980286	-0.7546048760414124	-1.2024047374725342	0.1792774200439453	-0.9163404107093811	-0.7269715070724487	0.2750190794467926	-0.2954768240451813
0.7872051000595093	-0.7969730496406555	-0.20397037267684937	1.054710030555725	0.30968916416168213	-0.3762834072113037	-0.41800960898399353	-3.2054905891418457	0.37663617730140686	-1.1660077571868896	0.18555210530757904	1.7401820421218872	0.4136614203453064	-0.6013907194137573	0.5063149333000183	0.28859248757362366	-1.2310450077056885	-0.5440853238105774	-0.9546500444412231	0.044639986008405685	0.21921406686306	-1.1533949375152588	-1.1640516519546509	0.014477665536105633	1.3381291627883911	0.7653979659080505	0.5165050029754639	-2.4939723014831543	-0.40281668305397034	-0.26721084117889404	-1.658388614654541	-0.006982311140745878
1.319008231163025	-0.616144061088562	-0.888766884803772	1.8298313617706299	-0.20660792291164398	2.125777006149292	-0.1745557337999344	-0.073538638651371	1.4170695543289185	-0.21784867346286774	-0.20474638044834137	-0.25036299228668213	-3.5841925144195557	1.1848187446594238	1.6046555042266846	-1.1046415567398071	1.713073492050171	0.09252963960170746	-1.7983615398406982	-0.4379010796546936	-1.2511664628982544	0.21817591786384583	1.0366122722625732	-0.7585145831108093	-0.5060936212539673	-0.17764510214328766	1.9747222661972046	0.27356040477752686	-1.1645092964172363	0.5182096362113953	0.07933308184146881	-0.6280043721199036
-1.0528281927108765	-1.1605117321014404	0.0816149115562439	-0.11522398144006729	1.6328274011611938	2.0687649250030518	-1.192697286605835	-0.3264405429363251	0.13974809646606445	-1.1891781091690063	-0.6754974126815796	0.15611979365348816	-1.2416481971740723	-0.22193442285060883	0.5959510207176208	1.8603183031082153	1.368451714515686	-0.08454961329698563	-0.3540330231189728	1.1851614713668823	1.5592800378799438	-0.7129697203636169	-0.588973879814148	-1.3425253629684448	-1.7743709087371826	0.8684372901916504	1.2608058452606201	0.4530404806137085	2.0045206546783447	0.3790825307369232	-1.2404417991638184	-1.1654772758483887
-0.19348503649234772	-0.1067204475402832	0.5107883810997009	-0.8081996440887451	0.4721536636352539	-1.5844367742538452	-0.7513188123703003	0.8013911843299866	-0.2393156886100769	1.0007346868515015	1.6887472867965698	0.07951555401086807	-0.3140579164028168	-0.8637508153915405	1.4060200452804565	1.0422723293304443	1.0216116905212402	-0.13447074592113495	1.9233847856521606	-0.020048754289746284	0.1292228400707245	-2.2283132076263428	-0.17107301950454712	1.164289116859436	1.468934416770935	0.8715292811393738	-0.32310548424720764	0.21857431530952454	0.2439512312412262	-1.629202127456665	0.007423285394906998	-0.967354953289032
-0.0680219754576683	1.017147421836853	0.6494341492652893	0.027350926771759987	1.6689502000808716	-1.8886010646820068	1.5476235151290894	0.10030600428581238	-1.5263397693634033	-0.9377732872962952	0.2943788468837738	-0.24863329529762268	-2.0964014530181885	0.4471258223056793	0.40161439776420593	1.2722704410552979	2.1532115936279297	-0.6127579212188721	-1.9490159749984741	0.6861553192138672	0.29644855856895447	0.2635023891925812	1.294273018836975	0.20824237167835236	-1.4360287189483643	1.697558045387268	0.26055046916007996	0.7628129124641418	-0.10793501138687134	0.4944855272769928	-0.3172171115875244	1.8656227588653564
0.1481657326221466	0.47244739532470703	-1.280103325843811	-0.5563668608665466	0.13441424071788788	-0.398446649312973	0.7927965521812439	0.06918491423130035	-0.908406138420105	-0.8175173401832581	0.43850094079971313	-1.2869911193847656	2.272867202758789	-0.12272752076387405	-0.7716806530952454	0.020140813663601875	0.09907074272632599	-1.266944169998169	-1.5731741189956665	-1.1595782041549683	-0.27008768916130066	0.23904186487197876	-0.3773621618747711	-2.2429425716400146	1.171492099761963	-0.45457854866981506	0.14752748608589172	-0.7591527104377747	0.9123421907424927	0.5751687288284302	1.337875485420227	0.9586145877838135
0.6570712327957153	0.946239709854126	0.8693172931671143	0.05628814548254013	-1.6482927799224854	1.286910057067871	-1.254097580909729	0.6450738310813904	-2.3102235794067383	-1.6463565826416016	1.4965307712554932	-0.22774715721607208	0.8599045872688293	-0.386059433221817	1.1273139715194702	1.6223795413970947	0.5874346494674683	1.1736680269241333	-0.9426385760307312	-2.2020769119262695	-0.6615704298019409	-1.3397647142410278	-1.1823283433914185	-1.2013912200927734	-0.5254414081573486	0.20138928294181824	-0.2874005138874054	-1.64324951171875	-0.8717730045318604	-1.1371887922286987	-0.20264995098114014	0.11242929846048355
-0.8455711007118225	1.4357706308364868	-1.1649152040481567	0.7431340217590332	-1.3729653358459473	0.547260046005249	-0.6106796860694885	-0.13408376276493073	-0.5749431848526001	-2.2897801399230957	-1.6097314357757568	-0.14129680395126343	0.2184644490480423	1.552240014076233	1.175215244293213	0.3242831826210022	-1.9248684644699097	2.155019521713257	0.7535244822502136	1.3572256565093994	-0.31159064173698425	-0.5666838884353638	-0.8916370868682861	0.5128995776176453	0.28283095359802246	0.14406655728816986	0.11899495869874954	-1.166721224784851	0.09373761713504791	1.446294903755188	-0.573580265045166	0.29692888259887695
0.5897533893585205	-0.18884356319904327	0.9537341594696045	-0.15539316833019257	-1.4270403385162354	1.0101208686828613	0.5353876352310181	0.6785870790481567	-0.6591147184371948	0.7041329741477966	0.6731092929840088	1.8440338373184204	-1.49215567111969	0.901149332523346	-1.0906883478164673	0.3329366147518158	-1.6292444467544556	2.018289089202881	1.2508089542388916	-1.1863586902618408	3.057426691055298	0.6607367396354675	0.11727261543273926	1.0122833251953125	0.8971706628799438	-1.3566474914550781	-0.3265019357204437	-0.8685509562492371	-1.0388052463531494	-0.05378624051809311	0.8550285696983337	-2.452517509460449
-0.890418291091919	-1.225130558013916	-0.09147840738296509	0.9690611362457275	0.5184222459793091	0.4777454435825348	-0.7519719004631042	-1.1202244758605957	0.9193152785301208	0.26007169485092163	-0.7406677603721619	0.3402617275714874	-0.34114325046539307	-0.09372842311859131	-0.9226699471473694	0.3085938096046448	0.8210931420326233	-1.4332647323608398	-1.0812454223632812	0.825183093547821	-1.6281102895736694	-0.5481828451156616	1.2162920236587524	1.0475412607192993	1.3401936292648315	-0.009758522734045982	-0.12489265948534012	-0.6283201575279236	0.36981698870658875	0.6182393431663513	-0.4971335232257843	1.9854583740234375
-0.7763271331787109	-0.34328141808509827	-1.7309849262237549	1.60847008228302	-1.6710280179977417	0.9376713037490845	-0.39264705777168274	-1.095450520515442	-1.1102972030639648	-0.9688955545425415	0.5170977711677551	1.271504521369934	-0.799254298210144	-0.16170617938041687	-0.7108144760131836	-0.4027745723724365	0.6825507879257202	1.1536171436309814	-0.05268031731247902	0.1516621857881546	0.38237762451171875	-2.828334331512451	-0.6296883225440979	0.9638413190841675	-1.332648515701294	-1.1250323057174683	0.6249515414237976	0.0902102068066597	1.5627583265304565	-0.6423183083534241	-0.3429272174835205	-0.4840368330478668
-0.36066383123397827	0.8704909086227417	-1.021065592765808	-0.21534264087677002	-0.695184051990509	-0.6075916886329651	-0.11800536513328552	-0.11157446354627609	-1.1274200677871704	-0.39252737164497375	0.2305908054113388	1.0278033018112183	0.6575074195861816	-0.39429154992103577	0.7545750141143799	-1.306625247001648	-0.12862278521060944	-0.11182631552219391	0.0867755189538002	-1.1547410488128662	-0.054621122777462006	0.16646894812583923	-0.20827844738960266	0.10843522846698761	-0.005326424725353718	-0.04451926425099373	1.0841197967529297	0.1281123161315918	-0.7079257369041443	-0.09943579882383347	-2.443415403366089	0.9494490027427673
-0.38774573802948	-0.37453100085258484	0.7743178009986877	0.5259893536567688	1.5824041366577148	0.8755897879600525	-1.0575885772705078	0.1575290411710739	0.6144328117370605	-1.517514944076538	-1.7382978200912476	0.764406144618988	0.6885925531387329	0.8056544065475464	0.3553212881088257	0.9055047631263733	0.7901157736778259	0.9205527901649475	-1.3187904357910156	0.8948867321014404	1.2010259628295898	-0.17549902200698853	0.5441058278083801	0.4529075026512146	2.093926429748535	-0.16226167976856232	-1.7625969648361206	0.01183329802006483	-0.6247519254684448	-1.5110962390899658	-0.6013501286506653	-1.0639710426330566
0.3909545838832855	0.3925338089466095	0.6677614450454712	1.0841467380523682	-1.0071415901184082	0.2367868572473526	-0.5187975168228149	1.7917115688323975	-2.2244808673858643	0.1709343045949936	-0.4221261441707611	-2.0629327297210693	-1.1677470207214355	1.1022673845291138	-0.41038429737091064	0.14978574216365814	-1.198262333869934	0.19144153594970703	-0.5765658020973206	1.1904107332229614	-0.9932121634483337	-1.7683848142623901	0.7657387852668762	-0.9031171202659607	1.0735152959823608	-2.019461154937744	1.7533742189407349	-0.3245045244693756	-1.0397565364837646	2.594681739807129	-1.332980990409851	-0.03034181334078312
0.08781743794679642	-0.8353345990180969	-0.5565096139907837	0.11907592415809631	-0.054789748042821884	0.7878579497337341	-1.2880098819732666	-1.3152377605438232	-1.0353126525878906	0.34871673583984375	-1.589982509613037	0.5190356373786926	0.09384370595216751	1.915576457977295	-0.34821805357933044	-0.49808016419410706	-0.4102567732334137	0.13850383460521698	-0.5356432795524597	1.7814098596572876	0.08053921163082123	-0.05528593435883522	0.7144389152526855	-1.5807424783706665	0.7048541307449341	0.7834400534629822	0.19523784518241882	1.836230993270874	-1.1722352504730225	-0.8790853023529053	0.5361269116401672	0.48169469833374023
1.0679701566696167	-0.22282491624355316	-0.823734700679779	2.868295431137085	0.9346491694450378	-0.19571152329444885	-0.124954454600811	-0.433953195810318	-1.2028411626815796	-1.5736379623413086	-0.020541999489068985	0.3448963463306427	-0.931846559047699	-0.2179303914308548	1.5638728141784668	0.45265042781829834	1.382606863975525	1.363481044769287	-1.0072959661483765	-0.5456652641296387	0.4056715667247772	-0.22131168842315674	-0.9070426821708679	-0.9030521512031555	-0.6671000123023987	0.7601933479309082	-1.5237704515457153	-1.697813630104065	-0.6033943295478821	-0.2751033306121826	-0.023345306515693665	0.43863624334335327
-0.5630182027816772	-0.8411845564842224	1.5881085395812988	0.3425425887107849	-1.25509512424469	-1.5399627685546875	-0.5365025401115417	-1.027524471282959	-1.415509581565857	-1.7483932971954346	1.2536978721618652	-2.2569398880004883	-0.28477874398231506	1.4090089797973633	-0.2974742352962494	-0.8312045931816101	0.12283771485090256	0.9909984469413757	1.0632760524749756	-0.1471019685268402	1.394648790359497	-0.8932443857192993	0.6136648654937744	0.2994040250778198	0.12893487513065338	2.4520554542541504	-0.33778873085975647	0.3152727484703064	1.3359665870666504	0.7275711894035339	-0.16580356657505035	-0.05262855067849159
0.6904103755950928	0.8039476871490479	0.40928614139556885	-1.0654312372207642	-0.7169857621192932	0.9198340773582458	1.5925661325454712	1.077626347541809	0.8500052690505981	-0.5729301571846008	-0.9483009576797485	2.5718188285827637	0.023490609601140022	0.6036009788513184	-0.1930629014968872	-0.9116259813308716	0.2373606413602829	0.26042020320892334	0.051009681075811386	0.39561763405799866	1.3652549982070923	-0.36371296644210815	-0.3863779902458191	-1.4659218788146973	0.12640418112277985	-0.41768187284469604	0.4412648379802704	-0.3235909342765808	0.6532946825027466	0.43853670358657837	-2.2670445442199707	-0.6788411736488342
0.4016348421573639	0.07054787874221802	-0.18275900185108185	0.1226058229804039	-0.6958877444267273	-0.6958377361297607	-0.06859829276800156	-1.0146527290344238	0.5847235321998596	0.17027954757213593	-0.6496085524559021	0.30565959215164185	-1.5596084594726562	0.18685322999954224	-0.3702337443828583	1.1462507247924805	-1.3606338500976562	-1.5484141111373901	-0.5577990412712097	0.23458263278007507	-0.6601330041885376	0.6240348219871521	-2.033268928527832	-0.6675097346305847	-1.0778999328613281	-0.08721109479665756	-2.807997465133667	0.2716637849807739	-0.5816167593002319	0.13848410546779633	0.9235677123069763	0.9707599878311157
0.9707807898521423	-0.4394977390766144	0.49342888593673706	-0.8200705647468567	-1.126335859298706	-0.12199535220861435	-2.0884363651275635	-0.11505431681871414	1.3382295370101929	-1.5199151039123535	-0.035532351583242416	1.3607089519500732	1.5872000455856323	-0.766745924949646	0.5711653232574463	1.1802791357040405	-1.1487294435501099	0.3497154712677002	-0.6357981562614441	-0.9230584502220154	-1.2106236219406128	-0.3303185701370239	1.276724934577942	2.450974464416504	-1.0381262302398682	0.5207093358039856	0.04183696210384369	-0.050419919192790985	0.31063711643218994	0.7180532217025757	-0.15076516568660736	-1.618037223815918
-1.2662252187728882	0.18908415734767914	0.057690270245075226	-2.051452159881592	-0.23804129660129547	-1.0839461088180542	-0.8436394929885864	-0.48577022552490234	1.5227513313293457	-0.5595083832740784	-1.1955361366271973	0.24981622397899628	-0.628449559211731	-1.769609808921814	0.9214270710945129	1.0361974239349365	-0.20332415401935577	-1.333303689956665	0.854207456111908	0.06834803521633148	-0.028661051765084267	2.549084424972534	0.5497598052024841	0.8069295883178711	0.009381529875099659	-1.3592113256454468	0.9035886526107788	-0.1778109222650528	2.152843713760376	-0.3916139602661133	-0.6651938557624817	1.3183523416519165
-0.7864013314247131	-0.09675933420658112	0.5429351925849915	0.698487401008606	-1.3366423845291138	1.902988076210022	0.5044496059417725	0.08561171591281891	1.4508181810379028	0.13523980975151062	-0.8632662296295166	-0.2786184549331665	2.2071516513824463	-1.53140127658844	-1.4725009202957153	1.7178688049316406	-0.0235782228410244	-1.1944843530654907	-0.22639933228492737	0.5316979885101318	-1.4613779783248901	0.05782032012939453	-0.8257936239242554	-0.3358820378780365	0.9901903867721558	1.927110195159912	0.7638017535209656	0.8869274258613586	-0.611467182636261	-0.5812474489212036	1.140945315361023	0.35532116889953613
-0.017680039629340172	0.24667099118232727	-1.2468053102493286	0.9013972282409668	-1.3396152257919312	-1.2593880891799927	0.42564114928245544	0.028989270329475403	0.5950074791908264	-1.2928348779678345	0.420266717672348	-0.9412510395050049	0.0748346745967865	-0.03189025819301605	2.0888895988464355	-0.8961309790611267	2.2056875228881836	1.744868278503418	0.2112765908241272	1.8745434284210205	-0.001964123919606209	0.22340461611747742	-0.5001257061958313	-0.25815731287002563	2.095569372177124	0.7635441422462463	1.603384017944336	-0.6802941560745239	-1.5779759883880615	-0.5122498273849487	-2.5205776691436768	-0.9889060258865356
1.112465739250183	-0.7946560382843018	1.0998525619506836	-0.3332552909851074	-2.3459463119506836	0.9053562879562378	1.2091063261032104	0.508916437625885	-1.435010313987732	0.35191601514816284	1.5612306594848633	-0.31284964084625244	-0.09469762444496155	1.0945178270339966	1.3238751888275146	0.16320601105690002	0.09032446891069412	-0.0728907510638237	0.5075759291648865	0.54203861951828	0.33939212560653687	-0.19294722378253937	0.7994974851608276	0.9848496913909912	2.5795140266418457	0.3436102569103241	0.3560781478881836	0.6526874899864197	-1.5096451044082642	1.4188679456710815	1.9265626668930054	-1.7931963205337524
0.27023544907569885	1.8188248872756958	-0.864128828048706	-1.6342271566390991	0.43523672223091125	-0.6070073843002319	0.46488356590270996	-0.214177206158638	2.072895050048828	-0.2674291729927063	-1.979681134223938	-0.5618247389793396	0.2104441076517105	0.5109813213348389	-0.35481205582618713	1.2849034070968628	-0.8261007070541382	0.05915260687470436	1.6048837900161743	0.3994986116886139	-1.59694504737854	1.726310133934021	0.8372498750686646	-0.574013352394104	-1.2854392528533936	-1.4473192691802979	-0.11942534893751144	0.9192930459976196	-0.2634873688220978	-0.8339962959289551	-2.361387014389038	-0.9109023809432983
-0.11470898240804672	1.5044389963150024	-0.15352532267570496	-0.14577646553516388	-1.9667716026306152	-0.5075016021728516	-1.1286389827728271	0.2521573603153229	-1.2373024225234985	-0.051148805767297745	-1.035331130027771	0.16382287442684174	-0.6701878309249878	-0.665691614151001	1.4167189598083496	0.47831961512565613	-0.3256346881389618	1.6983376741409302	-0.09506841748952866	-0.7555900812149048	0.02738192118704319	-0.02189978025853634	-1.2309396266937256	0.7882295846939087	-1.0633676052093506	0.24582713842391968	-0.4050061106681824	0.7075566649436951	-0.7658917307853699	0.9588032364845276	-1.2470189332962036	0.9631796479225159
-1.7708499431610107	-0.6788491010665894	1.034617304801941	0.2498335838317871	-0.18383637070655823	0.5117769837379456	-0.4760358929634094	0.4232541620731354	1.2688826322555542	0.1838621199131012	-1.0419659614562988	0.29527202248573303	2.941941976547241	-0.5126216411590576	-0.6749686598777771	-0.6465548276901245	0.9536961913108826	0.2993354797363281	1.466399908065796	0.2184010148048401	-0.23969976603984833	-1.3238261938095093	-1.1585566997528076	-1.3346647024154663	-0.043145958334207535	0.38937845826148987	0.2377452403306961	2.2314071655273438	-1.9736180305480957	0.16690480709075928	0.21440795063972473	-0.6407232880592346
-1.1777411699295044	1.0070313215255737	-1.4880635738372803	0.7509278059005737	-0.9701916575431824	-0.7127286195755005	-0.46645882725715637	0.177061527967453	-0.6335267424583435	0.8673872947692871	-1.318892240524292	0.2174052894115448	1.249322772026062	0.4958561956882477	-0.08139853179454803	0.34391677379608154	-2.3552958965301514	1.2004454135894775	-1.1270582675933838	0.2499244213104248	-0.43004101514816284	-0.4640703797340393	-2.3816332817077637	-0.09125204384326935	-2.049450397491455	0.01767393946647644	-0.19962356984615326	-0.37755146622657776	-0.4900023639202118	0.9176256656646729	1.7322558164596558	-0.3478895127773285
0.7332199215888977	-0.9732935428619385	-1.0302603244781494	0.4262343943119049	0.02252882532775402	1.6421842575073242	-0.31468456983566284	-1.094153881072998	-0.9125146865844727	0.5615828037261963	-0.5497970581054688	2.003544569015503	0.8552907705307007	0.36236709356307983	-0.17036879062652588	0.32940271496772766	-1.2900173664093018	1.4384835958480835	0.7279395461082458	-2.033860445022583	-0.9336533546447754	-1.679060697555542	0.13784728944301605	0.929762601852417	-0.14553667604923248	-1.9639188051223755	0.6673907041549683	-0.6960589289665222	-1.7315443754196167	-0.25091448426246643	-0.5326152443885803	-0.22131958603858948
1.9429011344909668	0.6342345476150513	-0.6142443418502808	1.6626635789871216	1.409671664237976	-0.28978991508483887	-0.9123920798301697	0.1264761984348297	-1.2680598497390747	-0.46730339527130127	0.3156870901584625	0.823337972164154	-1.5318071842193604	0.14947538077831268	0.6892076730728149	-2.3261921405792236	-1.0815902948379517	0.5431122779846191	-1.0481173992156982	-0.017591824755072594	0.32655465602874756	-0.5260012149810791	1.4075030088424683	0.5421708822250366	1.9319864511489868	-2.0260260105133057	-0.796746015548706	0.44697195291519165	1.7532732486724854	-1.0245270729064941	-0.1939028650522232	-1.0549025535583496
-1.0276648998260498	0.8268824219703674	-1.3931063413619995	0.11723111569881439	-0.9609206914901733	0.548586368560791	0.6848086714744568	0.2010883390903473	-0.9621950387954712	1.900644063949585	1.1662927865982056	-1.087371587753296	1.2431515455245972	0.6382166147232056	-0.2941325008869171	1.6231327056884766	-0.13806426525115967	1.3935540914535522	2.246772289276123	1.0722408294677734	-0.7124646902084351	0.2681809961795807	1.3368337154388428	0.9113549590110779	0.31545472145080566	-1.6101934909820557	0.7067601084709167	1.1926307678222656	0.03857556730508804	-0.7699961066246033	0.886891782283783	0.2567027807235718
0.7221386432647705	-0.579878568649292	-0.9310440421104431	-1.0009015798568726	1.2134263515472412	-0.441651314496994	0.4522700309753418	0.8904593586921692	-0.7288945913314819	0.5749562382698059	1.8248649835586548	-0.20803357660770416	-0.12421797960996628	-1.29557466506958	0.3784087598323822	-1.5638620853424072	1.5733177661895752	-0.22988994419574738	-1.3517986536026	-0.6751798391342163	1.1643611192703247	0.9945520758628845	0.47075653076171875	-1.8981239795684814	-0.5737866163253784	-1.7143354415893555	0.6744751334190369	-0.7413615584373474	-1.1063473224639893	-1.7659717798233032	0.5807603597640991	1.8303263187408447
-0.57030189037323	0.4881679117679596	-1.8828915357589722	-1.0077928304672241	0.2806975245475769	-0.1100650504231453	0.13430802524089813	-0.8827707767486572	0.0005883349222131073	1.485970139503479	0.036720503121614456	0.9199468493461609	-0.8733978271484375	-0.11841835081577301	-0.8708502650260925	3.2784605026245117	0.3188176453113556	1.0642470121383667	0.8057245016098022	-0.7441321611404419	-1.2418243885040283	0.9543967843055725	-0.08732718974351883	-0.3795803487300873	-0.4588358402252197	-0.41202521324157715	-0.41498225927352905	0.8573235869407654	1.4052226543426514	-2.1259348392486572	-1.8336386680603027	-1.0708460807800293
0.6749432682991028	-0.2900197505950928	-0.719221830368042	0.748898446559906	0.12970401346683502	-0.22147707641124725	1.422991156578064	-0.33887752890586853	1.2521229982376099	-0.23085249960422516	0.8389866948127747	-0.5748368501663208	-0.08439968526363373	0.6912339329719543	1.2773326635360718	1.0200978517532349	1.9093180894851685	2.1725165843963623	1.8932493925094604	-0.6982339024543762	-0.33253270387649536	-1.3864881992340088	-0.5213795900344849	0.37441518902778625	0.09765761345624924	-0.7713971734046936	1.6449241638183594	-1.4452828168869019	-1.1958444118499756	-0.47363337874412537	-1.2099679708480835	-1.5914636850357056
-0.9498070478439331	-1.8806605339050293	-0.3858174681663513	-1.1211140155792236	-0.4958503246307373	-1.9526760578155518	-0.755416214466095	0.7255762219429016	1.1544245481491089	-1.2430036067962646	0.5392661690711975	-1.8588699102401733	-3.2410407066345215	-0.7751630544662476	0.6098220944404602	1.130373239517212	0.6209602355957031	0.08764658123254776	-0.39021697640419006	-0.6646350622177124	1.464252233505249	-0.8462235331535339	-0.38751184940338135	-0.7904156446456909	0.6180784106254578	-0.2727932333946228	-1.2832019329071045	0.9176006317138672	1.7636702060699463	-1.3578410148620605	-0.7206210494041443	2.1768038272857666
-0.778486430644989	1.752753734588623	0.39997589588165283	-2.062692642211914	0.5636517405509949	-2.9423258304595947	0.5422205924987793	-0.15418404340744019	0.04975922405719757	0.7117007970809937	2.3280749320983887	-0.5980978608131409	-0.10272353887557983	1.9979275465011597	-2.215674638748169	-1.2073177099227905	0.5078060030937195	0.17577441036701202	0.200912207365036	-1.3309335708618164	1.2046858072280884	1.7113207578659058	1.1781376600265503	1.2804502248764038	0.8929855227470398	0.5534277558326721	2.816924571990967	1.7588012218475342	-0.20466753840446472	-0.6922092437744141	-0.08854745328426361	-0.03659047186374664
1.7304779291152954	-0.25997212529182434	-1.095513939857483	0.7153512835502625	0.7289572954177856	0.47442352771759033	0.8845274448394775	-1.1099250316619873	-0.09939141571521759	-0.0833711326122284	-2.045172691345215	0.256314754486084	0.6730493903160095	-0.23718054592609406	3.063034772872925	-1.7996623516082764	-0.45821234583854675	-0.7063912749290466	-0.33143123984336853	1.8973103761672974	1.3028008937835693	0.2092534452676773	-0.4520592987537384	-0.23972614109516144	0.1982661485671997	-0.3159619867801666	-0.23984670639038086	-0.7555147409439087	0.33393532037734985	2.0761194229125977	0.22045275568962097	-0.02837979979813099
0.3550173044204712	0.4523680806159973	1.2913161516189575	0.04022558778524399	0.86061030626297	0.4664224684238434	0.8994202613830566	0.3450564742088318	-0.759092390537262	-0.13107669353485107	0.5570628643035889	-0.9404219388961792	0.40613865852355957	0.5414102077484131	-0.2377222180366516	-0.52375328540802	0.23507295548915863	-0.8793236613273621	1.0974470376968384	0.30953094363212585	0.6996946930885315	0.8392959237098694	-1.2607600688934326	-0.20212306082248688	-0.8520501255989075	0.07361511141061783	0.6607805490493774	1.0875321626663208	-0.2199651151895523	0.12914130091667175	-1.451759696006775	0.6919121146202087
0.7457394599914551	-1.5013176202774048	0.9788331985473633	-0.7325904369354248	0.09592100232839584	-1.0720129013061523	-0.320614218711853	0.4619380533695221	1.7240794897079468	1.398141622543335	-0.9467888474464417	1.123401403427124	-1.8609992265701294	0.3149054944515228	-2.2184548377990723	-0.3123880624771118	0.2570894658565521	-0.7982679605484009	1.324550986289978	1.0342779159545898	0.25705182552337646	0.4239063858985901	0.7637640237808228	-0.8400416374206543	0.5255315899848938	-0.5351989269256592	-1.8424791097640991	0.3206808865070343	-0.052134644240140915	0.5715407133102417	1.0927212238311768	0.5699383020401001
0.26542872190475464	0.14359870553016663	0.7821083664894104	-0.608379602432251	-0.1780632883310318	0.13663357496261597	0.6196122765541077	-0.43569037318229675	-1.1615874767303467	-0.7276015281677246	-0.8466499447822571	1.5268234014511108	-0.7923851609230042	0.9474592208862305	0.4906005263328552	0.5299594402313232	1.1327396631240845	-1.4297653436660767	0.7720085978507996	-2.206075668334961	0.6710197925567627	-1.729011058807373	-0.33038637042045593	-0.6952918171882629	0.3325713574886322	1.2242127656936646	-1.9604783058166504	-0.34207791090011597	-0.056900423020124435	0.6350908279418945	0.21101966500282288	0.9106147885322571
-2.6999335289001465	-1.275404453277588	-0.15738117694854736	-0.6185183525085449	0.5742167830467224	0.559655487537384	2.1906659603118896	0.5010343790054321	0.18306627869606018	0.7072100639343262	0.09756045788526535	-0.20725184679031372	-0.26573237776756287	0.22360777854919434	1.3049356937408447	-1.4796009063720703	2.209406852722168	-0.29380348324775696	-0.2705880403518677	-0.8341456055641174	-0.7641922831535339	-0.3771011531352997	0.12590575218200684	0.034753091633319855	-0.5697400569915771	1.0299909114837646	-2.1851556301116943	-1.3140844106674194	-0.8407179117202759	1.0886116027832031	1.348522663116455	-0.38412442803382874
-0.09888843446969986	2.4048426151275635	1.8188539743423462	-1.828299641609192	-0.06610850989818573	0.3798465430736542	0.13904903829097748	0.6824551820755005	1.503902554512024	-0.7584442496299744	0.9067755341529846	0.23478104174137115	-1.7114412784576416	-0.5876851677894592	0.4994690418243408	2.8503942489624023	-0.06662441790103912	0.8763078451156616	-0.055322062224149704	0.6006314158439636	1.6839511394500732	-0.07906123250722885	-0.18295159935951233	-0.0771699845790863	0.9444239139556885	-0.7123315334320068	0.18179851770401	1.5175360441207886	0.4968622028827667	-1.558848261833191	-2.380495548248291	-0.450753390789032
1.1921848058700562	-0.38935062289237976	-1.4902896881103516	1.8785302639007568	0.16968370974063873	0.4095602035522461	0.20175416767597198	-0.6474471688270569	-0.7881434559822083	-2.4985761642456055	-0.4092297852039337	-0.9101037383079529	0.8549824953079224	-2.011890411376953	1.4779996871948242	-0.0006091343821026385	-0.8295037746429443	-1.7120546102523804	0.2816011905670166	-0.7294665575027466	1.6538182497024536	0.5880069732666016	0.6734188795089722	1.70682692527771	0.14975671470165253	0.5901976823806763	0.5445447564125061	0.8163694143295288	-0.2156229317188263	-0.09233889728784561	-0.8403272032737732	-0.8506802320480347
-0.9842073917388916	-0.3598780632019043	2.872770071029663	0.507997989654541	-0.6085730791091919	0.1665089875459671	-0.034848399460315704	-1.446605920791626	-1.3714308738708496	0.8827294111251831	-1.2787764072418213	0.04080791398882866	0.15421590209007263	-2.2308900356292725	0.21661816537380219	-1.6007637977600098	-1.8171731233596802	-1.9965764284133911	-1.5752726793289185	-0.4624715745449066	-1.3476845026016235	0.4366116225719452	1.796684980392456	0.38850969076156616	0.8971498608589172	1.446350336074829	-0.7220454812049866	0.37513911724090576	0.6159788370132446	0.9684316515922546	0.8467878103256226	0.5301368832588196
-1.2097429037094116	0.3579053580760956	-1.7467055320739746	0.27944815158843994	-1.194819450378418	-0.42553630471229553	-1.7184386253356934	-0.6989737749099731	1.4808365106582642	1.7791333198547363	0.1356964260339737	0.09558196365833282	0.5479241013526917	1.443613886833191	0.23167791962623596	-0.15954804420471191	0.1594800502061844	-0.28635692596435547	-1.631242036819458	0.4686441421508789	-1.1292976140975952	0.7457172274589539	-1.0109084844589233	-0.6498727202415466	0.6227651238441467	1.1634434461593628	-0.8624030947685242	0.7125743627548218	-3.0942752361297607	1.6286373138427734	-0.0374724306166172	-0.09752289950847626
-0.36323896050453186	1.3483741283416748	0.892756462097168	-0.5833218693733215	-0.7082940936088562	0.16932184994220734	0.976548433303833	-0.5160398483276367	0.024416161701083183	-1.6465872526168823	0.3556060194969177	1.8861720561981201	0.9483746290206909	-0.5703048706054688	-0.9906516075134277	-0.23635579645633698	1.5299137830734253	-2.23215389251709	1.0036121606826782	0.1955554485321045	0.5150614380836487	-2.4834787845611572	-0.721421480178833	0.701061487197876	-0.6568363308906555	-2.476736545562744	-0.47496333718299866	-0.03969645872712135	-0.7632956504821777	0.2834360897541046	-0.5538507699966431	0.16753745079040527
-0.7882119417190552	0.15706421434879303	0.11530077457427979	0.7041054964065552	0.18921326100826263	1.9345238208770752	-1.7640066146850586	-0.9173000454902649	1.888261079788208	-0.039053816348314285	-1.786548376083374	0.7004636526107788	-1.1349917650222778	1.1291035413742065	1.5699355602264404	0.013233591802418232	-0.3527385890483856	1.180179476737976	0.8013237118721008	1.1076796054840088	-2.002912998199463	-0.35083824396133423	1.4180519580841064	-1.8761922121047974	1.6533368825912476	-1.091500163078308	-1.4967162609100342	0.8492992520332336	-1.7066131830215454	-1.32356858253479	-0.3119460642337799	0.92226642370224
0.843474805355072	1.6619548797607422	0.5476483702659607	0.40417516231536865	1.0173068046569824	-0.311446875333786	-0.7941632866859436	-2.6412036418914795	-0.583393394947052	0.9791325330734253	-1.1911062002182007	0.849128246307373	0.2332010269165039	0.76236492395401	0.2720905542373657	-1.510038137435913	0.9484404921531677	0.8464657664299011	1.917710542678833	0.4828070402145386	1.5671292543411255	-0.15866722166538239	0.239968940615654	-0.5216858983039856	0.8633998036384583	-1.6427452564239502	0.181308314204216	0.11903547495603561	0.7120559811592102	0.07972321659326553	1.911771535873413	0.7053277492523193
0.5566471219062805	-0.3796500563621521	-1.3377580642700195	-0.43750959634780884	0.14673031866550446	-0.6223348379135132	-1.2134732007980347	0.2968730628490448	0.7045741081237793	0.75432288646698	-1.3363940715789795	-0.1731462925672531	-1.1688827276229858	-0.464816689491272	-0.32630980014801025	-1.6382735967636108	0.843060314655304	1.0814313888549805	-0.2769659757614136	0.7787343263626099	1.3655279874801636	0.6056621074676514	0.5008395314216614	0.9102502465248108	1.006339192390442	1.1198574304580688	-0.4604247212409973	-0.843459963798523	1.4617127180099487	-0.13734754920005798	1.1113996505737305	-1.7256810665130615
-1.6345969438552856	1.660000205039978	0.7534335255622864	-0.9952477812767029	-1.0684540271759033	0.8132991790771484	-0.5399232506752014	0.7499174475669861	1.1672816276550293	-0.056965894997119904	1.3714972734451294	-2.045593023300171	0.39288634061813354	0.5313505530357361	-2.6774611473083496	-0.8933666348457336	-0.2834177315235138	0.6986284255981445	0.8039833903312683	0.1623469591140747	-0.9098039269447327	-0.2864457666873932	0.26823973655700684	-1.7532073259353638	0.7019847631454468	1.6004549264907837	0.1447843611240387	1.2112948894500732	0.21279124915599823	-1.491025447845459	-1.1923243999481201	0.12582066655158997
-2.7092275619506836	-0.22352269291877747	0.2918984591960907	-0.00017342432693112642	-1.0913609266281128	0.4210532605648041	-0.3185123801231384	-0.11915716528892517	-1.0186238288879395	1.671892762184143	-1.6933842897415161	-1.4727797508239746	2.9953339099884033	0.8487790822982788	-1.774112343788147	1.8461933135986328	-1.2118488550186157	-0.12882359325885773	-0.6069067716598511	-0.4211866557598114	-1.0880151987075806	1.9520483016967773	1.9602967500686646	1.6125096082687378	-0.8944398164749146	0.9124210476875305	-1.1427253484725952	0.6114419102668762	-1.1204371452331543	-0.8154754042625427	-0.1016259416937828	0.18311414122581482
-2.146784543991089	-0.48894426226615906	1.452911615371704	-0.12943705916404724	-0.7604030966758728	-0.5232658386230469	2.510744571685791	-0.2834164500236511	0.5321616530418396	-0.1481427103281021	-0.7782133221626282	0.307876855134964	-0.16714142262935638	0.8765784502029419	-0.6585627198219299	-0.6847266554832458	-2.0687880516052246	1.299552083015442	0.4273211359977722	0.5067185163497925	0.2454531490802765	0.9654384255409241	-0.6625652313232422	0.5918588638305664	0.8193575739860535	-2.8958733081817627	-0.7153022885322571	-0.8258602023124695	-1.959721326828003	-0.24281343817710876	1.0865036249160767	1.1386407613754272
0.7552067637443542	0.5259016752243042	-1.1041990518569946	-0.16609755158424377	0.4248632788658142	-0.6659892201423645	0.5645243525505066	1.082527995109558	-1.5277436971664429	1.7114179134368896	0.22533518075942993	0.18016241490840912	1.2197976112365723	0.11341747641563416	-0.6192238330841064	-1.3183854818344116	-0.19397024810314178	0.9088349342346191	-0.1004517450928688	-0.33936619758605957	0.27799904346466064	-1.208530068397522	0.8735920190811157	-0.27644824981689453	0.38612452149391174	-0.539696455001831	1.226552128791809	-1.176474928855896	0.9123690724372864	1.843758463859558	-0.29980766773223877	-0.12256290018558502
-0.592182457447052	0.004340738523751497	-0.942369282245636	-0.8766645193099976	-0.7907572388648987	-1.666537880897522	0.8529688119888306	0.3443957567214966	0.7859964966773987	0.43488362431526184	1.8883247375488281	0.223050057888031	-0.3637368977069855	-0.5282904505729675	-1.145203709602356	2.0220260620117188	1.409881353378296	-1.1297166347503662	0.15879853069782257	-0.5371068716049194	-0.673109769821167	0.23405928909778595	-0.5748193860054016	-1.3583310842514038	-1.0220075845718384	0.2290402054786682	3.162067413330078	1.1105505228042603	-0.7663634419441223	-0.7313413619995117	2.064875364303589	4.366031169891357
0.8591926097869873	-2.229658603668213	-0.7829930186271667	0.5906891822814941	-1.0615538358688354	0.7735759019851685	1.0765395164489746	-0.3288238048553467	-0.5431994199752808	-1.7983834743499756	-0.274464875459671	-1.6781492233276367	-0.9827384352684021	-0.15196196734905243	1.2560670375823975	-1.4353690147399902	0.6259326338768005	0.0360415056347847	0.29564958810806274	0.2181767374277115	2.1886677742004395	0.23909111320972443	0.3261818587779999	1.2296987771987915	-0.124264657497406	-1.1919794082641602	-0.34071406722068787	0.0708034485578537	0.7934442162513733	-0.2476014494895935	-0.17344127595424652	-0.7138981819152832
-0.7024713754653931	0.019582102075219154	0.0807204321026802	-0.4477923512458801	0.3985272943973541	1.2065393924713135	0.9745787978172302	-0.3687923848628998	-0.5965095162391663	1.3153952360153198	0.36352190375328064	0.025114141404628754	0.7489994764328003	0.8195433616638184	-2.165485382080078	0.3829885423183441	0.5169283151626587	-1.8531310558319092	1.906498908996582	0.025048980489373207	-1.8512369394302368	-1.65071439743042	1.1762953996658325	-0.9394689798355103	0.6788561940193176	-1.5423921346664429	0.4203470051288605	1.0460472106933594	0.9219896197319031	-1.3030067682266235	-0.7116422653198242	-1.9314849376678467
0.6092702150344849	-0.9999931454658508	-0.9850918650627136	-0.5302876234054565	-0.7272558212280273	-0.485835462808609	1.4200166463851929	-1.8073354959487915	-0.5821802020072937	-1.5810450315475464	0.436884343624115	-0.25079938769340515	0.4229406416416168	-2.214381217956543	-2.5745413303375244	-0.013177423737943172	0.1490188091993332	1.7501535415649414	1.6425223350524902	0.469756156206131	-0.7930305600166321	-1.1447745561599731	0.6373512148857117	-1.2790491580963135	0.5109464526176453	-0.12477776408195496	0.23450331389904022	1.0058844089508057	1.6992242336273193	2.1678402423858643	1.0820691585540771	-1.3378878831863403
-0.4892049729824066	-0.6368662118911743	1.2398239374160767	-2.1510367393493652	-0.15992386639118195	-1.6773161888122559	-0.6761099100112915	-0.2736785411834717	-2.0200910568237305	2.2509329319000244	-1.7209025621414185	-1.5394983291625977	-1.2657475471496582	0.9271829128265381	0.008765555918216705	-0.009055768139660358	-0.3431089520454407	-1.0547893047332764	-2.484485387802124	-1.9499149322509766	0.4016994535923004	1.12312650680542	0.309317409992218	-0.37993115186691284	-0.9547913670539856	-0.9649617671966553	0.4788975119590759	2.6047825813293457	0.803279459476471	-1.2726749181747437	1.9218649864196777	1.400009036064148
-0.4459775388240814	0.10252772271633148	-0.004691823851317167	0.3442167639732361	1.1646291017532349	0.7679534554481506	-0.5841754674911499	-0.384376585483551	0.44129663705825806	0.46849894523620605	1.2469645738601685	1.1725013256072998	-0.10763373225927353	-0.38562726974487305	1.1025944948196411	0.5129052400588989	0.9522400498390198	-0.2094944566488266	0.13575971126556396	0.9723441004753113	1.339482307434082	-1.672574758529663	-2.354874610900879	-0.07719181478023529	-1.0901679992675781	-0.0401512011885643	-0.594596266746521	-0.6888853311538696	-0.7849708199501038	0.3593912720680237	-0.4413049817085266	0.488874226808548
1.6084885597229004	0.0973668023943901	-0.26457226276397705	1.1972488164901733	1.902220606803894	0.8191736936569214	1.0680890083312988	0.45968878269195557	0.8452377319335938	-1.612368106842041	-0.20887333154678345	-1.1675418615341187	0.38278114795684814	-0.8402880430221558	1.2881871461868286	-1.268476128578186	2.1214399337768555	0.23185592889785767	1.7526384592056274	0.2115529477596283	-0.608608067035675	-0.0051696570590138435	-1.7277920246124268	-1.9704517126083374	0.06502722203731537	-0.3466320335865021	0.7400279641151428	-0.7752245664596558	0.03971400111913681	0.4944702386856079	2.1182990074157715	-1.2704918384552002
0.46582165360450745	0.5481259226799011	-0.5829973220825195	0.4189540445804596	0.25771158933639526	-0.19218860566616058	1.5002037286758423	0.6766622066497803	0.6130499243736267	-0.1678779125213623	0.5740678310394287	-1.0391935110092163	2.02479887008667	1.3853206634521484	-1.0955950021743774	0.45022428035736084	1.0796489715576172	0.36143869161605835	-0.06636973470449448	-1.0669454336166382	-0.9318200349807739	0.7159053683280945	-0.2993563711643219	-1.1229513883590698	-0.15218709409236908	-1.0537596940994263	0.42350664734840393	-0.6861698627471924	-0.7420210838317871	-0.25567370653152466	0.57183837890625	0.630346953868866
1.2537438869476318	0.8467996120452881	1.0193297863006592	1.327966332435608	-0.40798643231391907	0.9339451789855957	-0.024813376367092133	0.0677359476685524	-1.2531052827835083	-0.9756805300712585	1.5001778602600098	0.5390868782997131	0.01792171597480774	0.6605765223503113	-0.9045351147651672	2.0724048614501953	-0.06948136538267136	0.889336109161377	0.567084789276123	0.24754348397254944	-0.7581439018249512	-2.84102201461792	1.3264027833938599	0.36850154399871826	0.8677106499671936	-0.32581469416618347	0.10228367894887924	-0.5585500597953796	-0.602665364742279	1.5305068492889404	0.6607095003128052	1.707626223564148
0.7012547254562378	0.39753469824790955	0.3147655129432678	1.4919626712799072	1.9783822298049927	1.0779871940612793	-1.0903360843658447	1.6708747148513794	0.28029394149780273	-0.49145999550819397	-2.125128984451294	2.555450916290283	1.0745387077331543	-1.5767062902450562	-0.3419342339038849	0.8363053798675537	3.0882158279418945	-0.8255084753036499	-2.1081817150115967	-0.771531879901886	0.9600486159324646	1.4966626167297363	0.16549152135849	-2.884697675704956	0.2806489169597626	-1.6130298376083374	-0.2732555568218231	0.540071964263916	2.639843225479126	-1.0716664791107178	-0.4580572843551636	0.8105145692825317
-1.2720283269882202	-0.7158732414245605	-0.10013450682163239	-1.621830940246582	1.7245302200317383	-0.92043137550354	0.021518822759389877	-0.2353309839963913	-1.0202502012252808	-1.221366047859192	0.6633374094963074	1.1197770833969116	1.8279238939285278	-1.370522141456604	0.3145129382610321	-0.9945621490478516	-0.05499012768268585	-1.4358689785003662	0.16632911562919617	-1.0677766799926758	0.10306555777788162	0.7632060647010803	0.17605218291282654	-1.2380462884902954	0.5694981217384338	-0.25530844926834106	-0.5758464932441711	-0.44935235381126404	-0.8317160606384277	1.0937391519546509	1.765430212020874	-1.1611076593399048
0.13743191957473755	0.7460116744041443	1.7303739786148071	-0.4815537929534912	-1.4207912683486938	0.9178847670555115	-1.265734314918518	0.610878586769104	2.165503740310669	2.6921579837799072	-1.567077398300171	-0.8391161561012268	-1.3828316926956177	1.2264559268951416	-1.254367470741272	1.262419581413269	0.6832613945007324	-1.4319812059402466	0.15785276889801025	-0.7367777228355408	-0.6633938550949097	-0.09698282182216644	1.4429224729537964	1.106050729751587	1.1885144710540771	1.352786660194397	-0.6857520341873169	1.7623445987701416	-1.419802188873291	0.459492027759552	0.4352016746997833	0.9916137456893921
-0.118648961186409	0.6533100008964539	0.6899158358573914	0.6534981727600098	-1.350469946861267	0.6598009467124939	-1.4881852865219116	0.542179524898529	1.5229798555374146	0.8740145564079285	0.886557400226593	0.7841311693191528	0.6098328232765198	-0.6033586263656616	-1.9090092182159424	2.1320436000823975	-0.7282659411430359	-0.22671066224575043	0.9110280275344849	-0.9014926552772522	-1.213861346244812	-2.054316282272339	0.3246707022190094	-0.4394153952598572	-0.9077548384666443	0.9097288846969604	0.489261269569397	-1.3729515075683594	-0.14837300777435303	-0.9241944551467896	-0.08298223465681076	-0.34724023938179016
0.808539092540741	-1.5710551738739014	1.2610522508621216	0.6950289607048035	0.09884565323591232	-0.6049627661705017	0.3729766011238098	-0.041069455444812775	1.6668989658355713	1.6574044227600098	0.3733208477497101	-1.075671672821045	1.076236605644226	0.3407908082008362	0.8531134724617004	-0.019441131502389908	1.5694775581359863	-0.48222628235816956	-0.39948955178260803	-1.1714593172073364	1.3091846704483032	-1.1876600980758667	-0.5892647504806519	-0.8906567692756653	1.5148470401763916	1.723502516746521	-1.5664772987365723	0.9924991130828857	-0.6640681624412537	1.794923186302185	0.756852924823761	-2.5126781463623047
0.5099146962165833	0.7640122771263123	1.2016472816467285	-0.19089142978191376	0.33923542499542236	-0.20953376591205597	-0.9889437556266785	-0.16645526885986328	-1.0797911882400513	-0.3936660885810852	-0.537153422832489	-1.1159673929214478	0.0013710918137803674	0.6417492628097534	-0.10693488270044327	0.23900571465492249	-0.7716186046600342	-0.7081767916679382	0.6620423197746277	-1.67205011844635	-1.0707241296768188	0.07259517908096313	-0.46631544828414917	-0.24798226356506348	-0.4478091895580292	0.22789372503757477	1.0711840391159058	1.3185988664627075	0.4221639633178711	-0.9187888503074646	0.7455231547355652	1.5227429866790771
-0.3026054799556732	0.1020415648818016	-0.6497308611869812	-0.27689123153686523	-0.5665995478630066	-1.3502649068832397	0.06622014194726944	-0.15076705813407898	-1.0546236038208008	0.15437771379947662	0.6901105642318726	0.6284732818603516	0.36743825674057007	1.044641137123108	-0.15436142683029175	-0.4442718029022217	-0.22274531424045563	-0.12673133611679077	-0.616774320602417	0.5090165734291077	-0.7479421496391296	0.8774856925010681	0.19436708092689514	-0.14299185574054718	1.956811785697937	-0.695104718208313	-1.0739243030548096	0.5599417686462402	1.0095330476760864	-1.4747090339660645	0.8840801119804382	1.0272876024246216
-1.6777623891830444	3.0133216381073	-0.4337301254272461	-0.04326196387410164	0.3841264545917511	-0.31123262643814087	0.7389012575149536	0.17477548122406006	0.9428385496139526	0.2487618327140808	-0.8130667209625244	-1.455293893814087	1.4570616483688354	1.5205951929092407	0.888641893863678	-0.5433869361877441	-1.5320966243743896	-1.6848136186599731	-0.7595641613006592	0.3763735294342041	0.612609326839447	-1.4666361808776855	2.0542945861816406	1.5920838117599487	0.4969431459903717	-0.07760289311408997	-0.32594236731529236	-1.2388142347335815	-1.3312650918960571	1.134655237197876	1.4137605428695679	-0.10488031804561615
-0.7853915095329285	-0.4503490924835205	-0.24782301485538483	0.4197761118412018	-1.1055546998977661	0.22697776556015015	0.00953668076545	0.7950758934020996	-0.2100788652896881	0.45163494348526	0.17775139212608337	-0.5868023633956909	-1.127467155456543	0.33836042881011963	0.4657449424266815	0.3815440535545349	0.39925655722618103	1.1751185655593872	-0.3048422932624817	1.779679775238037	-0.4111318290233612	-0.19315697252750397	-0.012148415669798851	1.2544066905975342	0.6702525615692139	-1.587499737739563	-0.6006259322166443	0.5643699169158936	0.42563340067863464	0.29701536893844604	-0.5805292129516602	-0.6397870779037476
0.5150956511497498	0.41480422019958496	-3.057752847671509	1.1421737670898438	0.09935376793146133	-0.6966647505760193	-0.12681944668293	-1.0887140035629272	0.6899470686912537	0.42124518752098083	1.2734730243682861	-0.6677038073539734	0.033749330788850784	0.7110540270805359	1.0115077495574951	0.49172231554985046	0.5573621392250061	1.2159864902496338	0.49270832538604736	-0.20848499238491058	1.325269103050232	-0.6206847429275513	0.005476130172610283	0.019415233284235	-0.570063054561615	-1.3417631387710571	0.8884209990501404	-1.021181583404541	0.46599724888801575	-0.9764763712882996	-0.2295980304479599	-0.22552154958248138
-0.2715081572532654	-0.28609558939933777	0.32210126519203186	0.26796403527259827	-0.9003259539604187	-0.5091847777366638	0.043931785970926285	-0.1080997958779335	1.8198038339614868	-0.4267161786556244	0.5274467468261719	-0.30482953786849976	0.707833468914032	-0.09744956344366074	-0.2691938579082489	-0.8907690048217773	-2.3507351875305176	-0.7705507278442383	-0.38539907336235046	-1.2884104251861572	1.2980421781539917	0.17597343027591705	0.5043483376502991	1.8101004362106323	-1.305475115776062	0.04348163679242134	-0.21486656367778778	0.44669920206069946	1.4656767845153809	1.9363610744476318	-0.958774209022522	0.28799107670783997
0.2246445119380951	-1.7891112565994263	0.25876790285110474	-1.0949571132659912	-0.4675274193286896	-1.984734058380127	-0.01780584454536438	1.0172756910324097	0.08325964212417603	2.1960766315460205	1.9112389087677002	-1.6193139553070068	0.6805582642555237	0.6817604899406433	-0.13098463416099548	-0.17469845712184906	2.246502637863159	0.618194580078125	-0.9479297995567322	-1.7328277826309204	-1.1703261137008667	0.9518933296203613	-0.05080076679587364	-0.4381467401981354	-1.527929425239563	-0.445199191570282	0.5406245589256287	0.914267361164093	-0.9277157783508301	0.15106570720672607	0.07038136571645737	-0.4053272306919098
-1.4767155647277832	1.3314487934112549	1.2507537603378296	0.5399696230888367	0.40695810317993164	1.5076297521591187	-0.6878381967544556	0.16980992257595062	1.7607626914978027	-0.5205387473106384	-0.5560445785522461	0.07548194378614426	0.35629281401634216	1.2519402503967285	-0.9587260484695435	0.06416986882686615	-1.2010595798492432	-1.5325231552124023	-0.8657113909721375	0.1367444097995758	-0.5240713953971863	-0.9346031546592712	0.6753779053688049	0.38120460510253906	-0.8237060904502869	1.1584347486495972	0.4293590188026428	0.5424631834030151	-0.12841267883777618	-1.9036966562271118	2.447683095932007	-1.3146635293960571
-3.1266117095947266	-2.7658984661102295	-1.1318775415420532	-0.4947938621044159	-0.06792663782835007	-0.5288712382316589	-0.21433115005493164	0.042514972388744354	0.5916523933410645	-0.10530540347099304	1.0786998271942139	-0.5971862077713013	0.5188814401626587	-0.008376765064895153	1.3547377586364746	1.0635814666748047	0.04623917117714882	-2.0521135330200195	2.0208494663238525	-0.5390956997871399	-1.235860824584961	-0.2984106242656708	0.03889378160238266	1.323531985282898	-0.05856413394212723	0.15064123272895813	-0.08154643326997757	0.7308337092399597	-0.07167381048202515	-1.1547738313674927	0.17458054423332214	0.23281997442245483
-0.04737646132707596	0.8696691393852234	1.5909470319747925	1.6670904159545898	0.9982532858848572	1.1027520895004272	-2.6566994190216064	0.290309876203537	0.3556410074234009	0.8142061233520508	-0.801392138004303	-0.8798452615737915	-0.17900876700878143	-0.1914072334766388	1.1878384351730347	-0.49926120042800903	-0.6847116351127625	-0.5460365414619446	0.2173997163772583	1.8494725227355957	-0.8850991725921631	-2.121556520462036	-0.8327276110649109	-0.0838727131485939	-0.04488902539014816	0.7557957172393799	0.986774742603302	-1.4164594411849976	-0.005258091259747744	0.6716396808624268	-0.8174874186515808	-0.21301935613155365
0.342318594455719	0.9076222777366638	-0.6432808637619019	0.0811893567442894	-0.7593258023262024	-0.14179925620555878	1.3312952518463135	1.5738346576690674	-2.5046443939208984	-0.31245216727256775	0.7318738698959351	-0.4564783275127411	-0.9341451525688171	-1.7741789817810059	2.7376177310943604	-1.7053638696670532	1.8907999992370605	-0.6737263798713684	0.6523305177688599	2.1015241146087646	1.8148393630981445	0.8353515267372131	-0.25279659032821655	0.438193678855896	-0.7759919166564941	-0.6292811036109924	0.13461454212665558	0.2155112773180008	0.2333800047636032	0.5532433390617371	-1.4220125675201416	-0.7338716387748718
-0.6505114436149597	0.44957438111305237	-0.5566797852516174	-0.3281594514846802	-0.43316686153411865	-0.1393618881702423	0.05332763493061066	-0.7160868048667908	-0.040362074971199036	-0.6967909932136536	-3.0485236644744873	1.1834006309509277	0.6625143885612488	1.175475001335144	0.4503767192363739	0.42369040846824646	-0.6921206712722778	-0.590724527835846	-0.42891377210617065	1.595982313156128	-0.24883875250816345	1.2323931455612183	0.34867939352989197	-1.1722216606140137	-0.14002081751823425	-0.33083078265190125	1.778822898864746	0.5402368903160095	-0.8633519411087036	1.2092323303222656	-0.47798028588294983	-0.1612085998058319
0.5858888626098633	0.6582316756248474	1.2943758964538574	-2.0138094425201416	-0.6131889224052429	-2.493912935256958	-0.7109126448631287	0.5017104148864746	-0.9780592322349548	-0.14738251268863678	0.8068981766700745	0.9046481251716614	-1.4808063507080078	0.06599034368991852	0.7706392407417297	-0.023243533447384834	0.305909126996994	0.030931707471609116	-0.3516645133495331	1.3404985666275024	1.7608553171157837	0.26215478777885437	-0.21613070368766785	-0.03933819383382797	0.7036828398704529	-0.24936269223690033	-0.960475742816925	1.2739254236221313	0.6713154911994934	1.002163290977478	-1.5991507768630981	-0.9379033446311951
-2.302605390548706	-3.37711501121521	-0.2914382517337799	-0.5446293354034424	-0.49655961990356445	2.7171630859375	0.19897833466529846	1.327974557876587	0.4994504749774933	-0.6723738312721252	0.38854163885116577	0.2599211633205414	1.3147571086883545	-0.8513822555541992	0.001331039471551776	-1.2054567337036133	-0.3431311249732971	1.7997138500213623	-1.78971266746521	1.0294877290725708	0.8960496783256531	0.33679234981536865	1.0020872354507446	-0.5674779415130615	-1.0620808601379395	0.746899425983429	0.6905001997947693	0.2660049796104431	-0.18252243101596832	-0.9747484922409058	-0.8349498510360718	-0.36584994196891785
-0.6582117676734924	-0.49541613459587097	-1.9158968925476074	-1.2579904794692993	1.3429639339447021	-1.7889864444732666	-2.6124701499938965	0.49132513999938965	0.21519599854946136	1.2417714595794678	1.5789517164230347	0.5886696577072144	1.1524658203125	-0.9141368865966797	-2.703554630279541	-0.6318825483322144	0.7390369772911072	-0.2560506761074066	0.3236624002456665	-2.90560245513916	2.004941463470459	1.29172682762146	1.4313774108886719	-1.5561996698379517	-0.7235254645347595	-0.7674107551574707	-1.9570029973983765	-0.369711697101593	-0.05204005539417267	-0.40338897705078125	-2.3473851680755615	0.16727787256240845
1.5757197141647339	1.8630086183547974	-0.9486955404281616	0.04334159195423126	0.03026391938328743	-1.2020816802978516	0.5888801217079163	-1.1665104627609253	-0.33333054184913635	1.0281509160995483	0.21094948053359985	-0.41419923305511475	-0.956780731678009	0.151062473654747	2.1094422340393066	-0.3708634674549103	-0.24056683480739594	-1.3917828798294067	0.6407055258750916	1.1591914892196655	0.7784662246704102	0.9391870498657227	-2.6699202060699463	1.647787094116211	0.6234373450279236	1.2190966606140137	0.6667470932006836	-0.5679094195365906	-1.140312671661377	0.9939587712287903	-0.20169606804847717	-0.3902554512023926
1.1963768005371094	-0.7763654589653015	-1.7962617874145508	-0.1041129007935524	-1.0517138242721558	0.32726338505744934	0.0288154985755682	1.0570363998413086	0.11312395334243774	1.8247246742248535	-0.14089283347129822	-0.9720937013626099	0.6692696809768677	-1.4862693548202515	-0.6198740601539612	-0.2934066951274872	0.3315456509590149	2.428436040878296	-0.5459466576576233	-1.6801491975784302	0.39570000767707825	0.3911506235599518	1.4181746244430542	-0.5810498595237732	-0.5736745595932007	0.8700916767120361	-0.6288893222808838	1.0121899843215942	0.2986748218536377	-0.44014039635658264	2.18349289894104	0.564408004283905
-1.9097726345062256	-0.4375801980495453	-1.7446824312210083	-1.1046881675720215	0.10812775045633316	0.1804928481578827	1.6401351690292358	0.25606173276901245	-0.15371038019657135	-0.4344586730003357	-0.32925325632095337	1.7795077562332153	0.01590631902217865	0.296537309885025	0.016081973910331726	-0.8465196490287781	0.47594910860061646	0.8370265960693359	0.32335060834884644	-0.45332619547843933	-0.5494094491004944	-0.9038779139518738	1.1468030214309692	-0.9520725011825562	-0.8197827339172363	-1.1559016704559326	0.6895191073417664	0.515762984752655	-1.6905938386917114	-1.8124393224716187	1.0194363594055176	1.212337851524353
0.22056825459003448	0.762302041053772	0.6266810894012451	1.2350386381149292	1.0841376781463623	1.7344510555267334	-1.7440305948257446	-0.771228015422821	1.1385529041290283	1.1242400407791138	-0.5422473549842834	-0.8149951696395874	0.5998780131340027	1.1714568138122559	-0.6512151956558228	-1.1881550550460815	-0.8144973516464233	0.03376812860369682	-0.1157141849398613	-0.13264499604701996	-0.4433726370334625	2.0560741424560547	-0.6137323975563049	1.462185263633728	-0.6365603804588318	-0.18706952035427094	-0.7111104130744934	-0.6391113996505737	-0.8135074973106384	-0.6441815495491028	0.4118419289588928	1.1981022357940674
1.1407960653305054	0.12382818758487701	1.1947015523910522	-0.40139681100845337	0.6335837244987488	-0.9349695444107056	0.14009082317352295	1.0762090682983398	1.1383508443832397	-1.5430375337600708	1.2531895637512207	-0.1923467516899109	1.1305662393569946	-0.8637980222702026	1.2433305978775024	0.9820716977119446	-1.10563063621521	-0.08110726624727249	0.5293388366699219	0.8659201860427856	-0.2563765347003937	0.3034258782863617	-0.756305992603302	1.8925691843032837	0.414026141166687	-1.7278095483779907	-1.3328810930252075	-0.04950009658932686	-0.21344265341758728	0.3060847222805023	-1.9150408506393433	-0.7563155293464661
-0.17936450242996216	-1.6763299703598022	0.5587710738182068	0.1365637481212616	-0.6155675649642944	-0.6073001027107239	0.7768042683601379	0.19625107944011688	-0.34161558747291565	1.0105040073394775	-1.0939276218414307	-0.0715334564447403	-1.1172244548797607	-1.377832055091858	-1.1917814016342163	-1.4846041202545166	-0.3359791338443756	-0.7092038989067078	-0.12985558807849884	0.9604332447052002	0.8982146978378296	0.634535551071167	1.225688099861145	-0.44937312602996826	-0.8172038793563843	-1.8096098899841309	1.6830432415008545	0.6965387463569641	-0.65289306640625	-1.3081146478652954	1.7624919414520264	-0.5017459392547607
-0.37301868200302124	-0.8555522561073303	-0.927832305431366	0.4017866551876068	-0.8408470749855042	1.8493030071258545	0.10136309266090393	2.3813748359680176	0.39253923296928406	1.9864166975021362	-2.0848960876464844	1.130348563194275	-0.07116040587425232	-1.9731991291046143	0.42394450306892395	2.0611681938171387	-0.06933044642210007	0.6132612228393555	0.465606153011322	0.9556940793991089	2.3771936893463135	0.6279354691505432	0.8969929814338684	0.3045493960380554	0.389240562915802	0.8340402245521545	-0.1699722558259964	-0.3347923457622528	1.0911400318145752	-0.1435437798500061	-1.4225660562515259	-0.8383325338363647
1.3406256437301636	-1.1037675142288208	-1.6140687465667725	1.4520418643951416	-1.1168092489242554	2.653856039047241	0.11572564393281937	0.11918384581804276	1.2874507904052734	-0.4599437713623047	0.3134341835975647	0.604552686214447	-2.117670774459839	-0.1902751475572586	0.5052293539047241	-0.282929927110672	0.5695421099662781	-0.04470871388912201	0.10545507073402405	0.029863452538847923	-1.0701605081558228	-0.4557032883167267	0.09288585931062698	-0.010180755518376827	0.9090301394462585	-0.924137532711029	-0.5214824080467224	-0.712379515171051	0.42393162846565247	-1.393196702003479	-1.20497465133667	-1.1029503345489502
-1.3985092639923096	0.4456299841403961	-0.05270792543888092	1.0088056325912476	-0.28719907999038696	0.012452132068574429	0.13332219421863556	-0.4027973413467407	-0.4852225184440613	0.5169487595558167	-0.7561556100845337	1.8556315898895264	0.8021949529647827	1.5638160705566406	0.507749080657959	-0.4040146470069885	1.6417211294174194	-0.154168963432312	-0.4048033356666565	0.7858342528343201	-0.16467982530593872	-0.9303997755050659	-1.7228002548217773	-1.232513427734375	-0.6723026037216187	0.3435231149196625	0.865600049495697	-1.4731370210647583	-1.157069206237793	-2.029052495956421	-0.5454168319702148	0.286467969417572
-1.0523967742919922	-1.520004391670227	-0.13531075417995453	0.683111310005188	1.6572072505950928	0.1239742785692215	-1.0276833772659302	-0.18121759593486786	0.6582887172698975	0.9988357424736023	0.09134465456008911	-0.717877984046936	-0.8379094004631042	-0.7195608019828796	0.5988426208496094	1.403181791305542	-0.7923479080200195	0.14417116343975067	0.8814584016799927	0.7442777156829834	-1.5826753377914429	1.5877108573913574	-0.9569064974784851	-0.14633426070213318	-0.2613137662410736	1.1853392124176025	0.5005801916122437	-2.521794080734253	-1.5505197048187256	0.07911115884780884	-0.27004486322402954	-0.5069904327392578
0.40423598885536194	0.7215875387191772	-0.7109671235084534	0.5586698651313782	-0.08618248999118805	-0.82926344871521	0.8930665254592896	0.43516355752944946	3.298427104949951	-0.8931032419204712	-1.3194035291671753	-0.8952786326408386	0.4713982343673706	0.3299374282360077	-1.5372209548950195	-0.8348237872123718	-1.0895332098007202	-0.04295742139220238	0.7198387384414673	-1.5835474729537964	0.3930617570877075	0.4696196913719177	-0.2426171749830246	0.41534289717674255	0.9379900693893433	0.10386908799409866	1.8047208786010742	0.3460746705532074	-0.07427933812141418	0.7280323505401611	0.4498761296272278	-0.19675637781620026
0.939889132976532	0.41016656160354614	-1.5079195499420166	0.4189251959323883	0.6209892630577087	-0.47407785058021545	-0.5051050186157227	-1.3741090297698975	-0.13529589772224426	1.043906569480896	-0.715431272983551	-0.07081012427806854	-1.0302066802978516	-1.0599192380905151	0.2926846444606781	-0.9024530053138733	-0.3708246946334839	-1.2211410999298096	-1.8922972679138184	3.4040863513946533	-0.5938327312469482	0.007693336810916662	1.5546541213989258	-0.6262803673744202	-0.058316271752119064	1.3455164432525635	-0.15831835567951202	1.1832774877548218	0.4162769019603729	1.6605743169784546	0.6252766251564026	-1.3357402086257935
-0.7010194063186646	0.8506103754043579	-0.45762261748313904	0.3524208664894104	1.0277761220932007	-0.33217453956604004	-1.3100574016571045	0.2792031764984131	-1.3614646196365356	0.7871278524398804	0.5469142198562622	0.3610418140888214	-0.5649715065956116	-0.09861873835325241	0.10950813442468643	0.09119804203510284	-0.9820869565010071	0.5977444052696228	-1.0535796880722046	1.6415718793869019	-1.235230803489685	-1.8743867874145508	0.8425232768058777	-1.032239317893982	0.49911391735076904	-0.13610264658927917	0.08271970599889755	1.558423399925232	2.03065824508667	1.177101492881775	-0.9677611589431763	0.17562882602214813
-0.9936176538467407	-0.5223448872566223	0.460836797952652	-0.8887873888015747	0.18909597396850586	-0.8646348714828491	-1.8130909204483032	0.6528506875038147	0.952993631362915	-1.0872222185134888	1.0907177925109863	-1.715393304824829	0.44214990735054016	-1.7453726530075073	-2.476273536682129	0.28141993284225464	1.238326072692871	1.1677944660186768	1.345129370689392	0.1844780147075653	1.2303000688552856	2.157116413116455	0.18675801157951355	1.6270087957382202	-2.0144402980804443	-0.49063819646835327	-0.6258440613746643	1.6294074058532715	0.47634732723236084	-1.8670626878738403	0.2415284365415573	0.3606676459312439
-0.006687133107334375	1.8341586589813232	0.4611310660839081	-2.203559398651123	0.20749768614768982	-0.0671716034412384	0.8569544553756714	-0.36450350284576416	0.8538724184036255	1.636928915977478	-1.031350016593933	0.728454053401947	-0.5655453205108643	0.6432371139526367	1.8691790103912354	0.9992207884788513	1.206900715827942	-0.9188053011894226	-0.32469305396080017	-1.0813734531402588	-0.3199646472930908	1.3333582878112793	1.1058228015899658	1.8287012577056885	-0.40376439690589905	-1.2172564268112183	0.800742506980896	1.4587287902832031	-0.11007004231214523	-0.6854914426803589	-0.9654473662376404	-0.02731664478778839
-1.9192997217178345	0.8852252960205078	0.30474451184272766	0.6196022033691406	0.12031691521406174	-0.4006451368331909	-0.7073516845703125	-0.7829036116600037	-0.26237252354621887	-0.8209025263786316	-1.0459258556365967	2.5062906742095947	0.754427969455719	-0.2064218521118164	-1.1275993585586548	-0.3979666233062744	-1.2359687089920044	1.8303245306015015	1.0404472351074219	1.5033247470855713	2.118417501449585	0.1629481315612793	1.4467054605484009	1.7027597427368164	2.6571741104125977	0.16492123901844025	0.9404776096343994	-0.34450799226760864	2.162019968032837	-0.09110844135284424	1.5315946340560913	-1.921083927154541
0.5125196576118469	-0.21527886390686035	-0.24515818059444427	1.4512044191360474	-0.654385507106781	-0.7265994548797607	-0.4726230502128601	-0.34053465723991394	-0.6137876510620117	-0.3214689791202545	0.7262834906578064	-1.1109968423843384	-0.6054214239120483	-1.1423850059509277	-0.8997673392295837	-1.9606530666351318	0.9988027215003967	1.990158200263977	0.9822484254837036	0.8054388165473938	1.8646525144577026	0.03737141564488411	-0.16871367394924164	-0.8015154004096985	1.2410246133804321	-0.45936891436576843	0.057188525795936584	-2.25038480758667	0.4613989591598511	-0.5128268003463745	-0.5699010491371155	-0.2746138572692871
-2.207512140274048	-0.25814101099967957	-0.9948535561561584	-0.2843303382396698	2.044161319732666	1.076575517654419	0.36379459500312805	-1.1325119733810425	-2.9395782947540283	-1.0291742086410522	1.491841435432434	-1.372910499572754	-0.6832352876663208	-0.8307377696037292	-0.8064407706260681	-0.34762081503868103	-1.486392617225647	0.7130560278892517	1.8891758918762207	-0.2754265367984772	-2.4733121395111084	1.1967320442199707	1.922717809677124	1.406369924545288	-0.04148479551076889	0.7527440786361694	-0.20141875743865967	-0.36076924204826355	1.1445811986923218	1.9226144552230835	-0.4396892786026001	1.4670562744140625
0.5012454390525818	0.459546834230423	1.1395796537399292	-0.19536277651786804	-0.8673186898231506	0.6239443421363831	-1.4229620695114136	-0.9723485112190247	0.13671447336673737	0.26762184500694275	0.03786375746130943	-0.6422601342201233	-0.8574422001838684	-0.016257409006357193	0.4630892872810364	0.07309675961732864	-0.7978519201278687	0.015347330830991268	0.9883006811141968	0.21947699785232544	-1.416121482849121	0.20190520584583282	1.3862484693527222	-0.4453006982803345	-0.07212576270103455	1.563061237335205	-0.9553275108337402	-1.598897933959961	1.8336563110351562	-0.9426921606063843	-1.7037523984909058	0.9603493809700012
0.2300219088792801	1.005362868309021	-0.7369360327720642	0.20653600990772247	-1.085308313369751	0.4052281081676483	0.5665149092674255	-0.5281686782836914	-0.5488565564155579	-0.14546021819114685	-0.7917425632476807	1.2458971738815308	-0.954893946647644	0.42209160327911377	-1.9086443185806274	0.9459977149963379	0.3136521875858307	-2.7759251594543457	-0.8017685413360596	0.5325137376785278	-0.3887387216091156	-0.8294737935066223	1.3022128343582153	0.37230196595191956	1.0007799863815308	-0.8778792023658752	0.5404253005981445	-0.42752671241760254	1.2712924480438232	-1.2909740209579468	1.4118578433990479	-1.104222059249878
0.06959234923124313	-0.3686123192310333	-1.6633875370025635	-0.7299728989601135	2.4701733589172363	0.8770654201507568	-0.5212311148643494	0.6977249383926392	-1.5066064596176147	0.45171526074409485	-0.18046048283576965	-1.0975397825241089	0.5834120512008667	0.5148566365242004	-0.23421117663383484	0.08799227327108383	0.6711214780807495	0.8396934270858765	-1.3103820085525513	1.2973270416259766	-0.19815702736377716	0.7287676334381104	-2.2058513164520264	-0.6729275584220886	0.6267378330230713	0.6874578595161438	1.87777578830719	0.7682046890258789	2.048048734664917	-0.09303084015846252	0.7567456960678101	0.4063764810562134
0.5439805388450623	0.12349209934473038	-0.9049716591835022	0.5858674049377441	-1.0605398416519165	-1.5713030099868774	0.2731596827507019	-2.5405678749084473	0.9195573925971985	-2.806535243988037	1.6640385389328003	1.036345362663269	-0.8192981481552124	0.7537761926651001	-1.0269263982772827	1.2705330848693848	0.3753674626350403	0.49419018626213074	-0.543442964553833	-0.3451453745365143	0.9703410267829895	1.1600066423416138	-1.7756383419036865	0.11760403960943222	-0.043112751096487045	-0.9076179265975952	-0.1716168373823166	0.31593310832977295	0.5665463805198669	-0.19661514461040497	-0.4315258860588074	-0.9454780220985413
-0.17259342968463898	-2.079390525817871	-0.9288413524627686	0.2715160846710205	0.9211306571960449	0.30244022607803345	-1.1020417213439941	1.0695158243179321	-0.4987936317920685	0.4194951355457306	0.06439411640167236	0.7522815465927124	1.6097290515899658	-0.899952232837677	-1.3295094966888428	-0.6925123929977417	-1.1940033435821533	-1.2424744367599487	2.1635525226593018	2.090707302093506	-0.5309483408927917	-0.8335306644439697	0.17849242687225342	1.2146261930465698	-0.8012639284133911	1.1195908784866333	0.6544008851051331	0.39251285791397095	-0.14894339442253113	-0.3272876739501953	-0.48298317193984985	-2.459307909011841
1.5809450149536133	-1.5974522829055786	1.4152061939239502	0.7252498269081116	-1.3913819789886475	-0.7120695114135742	-2.9323902130126953	1.299077033996582	-0.8423842191696167	-1.357454776763916	0.7210919857025146	1.2640708684921265	-1.0111005306243896	0.5150054097175598	1.1522314548492432	-0.1514240801334381	-0.5933228731155396	0.7483909130096436	-0.6571829915046692	-0.5048855543136597	-0.63103187084198	-0.37458330392837524	1.3500698804855347	0.9332817196846008	0.2622438669204712	-0.7602932453155518	-0.13715329766273499	-1.0261859893798828	-1.210362195968628	-1.1505329608917236	0.2373134195804596	-1.9826560020446777
1.2193071842193604	-0.8644195795059204	0.02950894832611084	0.8024656772613525	0.30950966477394104	-0.2686100900173187	-0.46108126640319824	1.2928643226623535	0.9421730637550354	-1.526677131652832	-0.8470292091369629	0.2132207155227661	-1.1464283466339111	1.2171916961669922	-0.7753629088401794	-2.578004837036133	0.27545955777168274	0.77335524559021	0.2308352291584015	-0.8216010928153992	-0.739269495010376	-1.9698237180709839	1.3862143754959106	1.02244234085083	-0.1979607343673706	0.08676059544086456	2.542628765106201	1.2615513801574707	-0.34072431921958923	0.25444290041923523	0.8820765614509583	1.3141658306121826
-0.47385174036026	-1.054928183555603	1.699450135231018	0.3202672302722931	-0.07816635072231293	-0.9137322902679443	-1.5685133934020996	-1.9613494873046875	0.29394224286079407	-0.9150974154472351	-0.18833301961421967	-0.0546819344162941	0.7720171213150024	1.374102234840393	1.6446573734283447	-0.4265137016773224	-0.33653393387794495	-0.25664570927619934	-0.7783790826797485	-0.3406803607940674	0.10798286646604538	0.816606879234314	0.5900068283081055	0.16925044357776642	-0.4148397445678711	-0.9772474765777588	1.1916096210479736	0.3011224567890167	0.12981201708316803	-0.023810697719454765	-0.8365644216537476	0.34789565205574036
-2.26320743560791	-1.022235631942749	-1.5318242311477661	0.6064462065696716	0.7249019145965576	0.5657167434692383	1.981467843055725	-0.2508578896522522	-0.24093276262283325	-1.8884557485580444	0.01756160892546177	0.4487859308719635	0.6500915884971619	-0.483352392911911	2.666794776916504	-0.46759217977523804	-0.2735457420349121	-0.5265567302703857	0.2673397958278656	0.6354868412017822	0.2604772448539734	0.9235952496528625	0.8799484968185425	1.2092132568359375	0.11210297048091888	0.2816503345966339	0.06280863285064697	0.5263935923576355	-0.6001770496368408	-0.0884782075881958	-1.65880286693573	-0.877090573310852
1.4942973852157593	1.6422796249389648	0.6804976463317871	-0.041874177753925323	-1.0781852006912231	-0.4322502911090851	-0.9883732795715332	0.08348246663808823	-0.3322904706001282	-3.988628625869751	0.1044882982969284	1.9707534313201904	0.5719189643859863	1.315000057220459	-1.5274503231048584	2.328317880630493	-0.1880151629447937	-1.4023770093917847	0.21119345724582672	-1.1038830280303955	-1.9983692169189453	-0.5767690539360046	1.495069146156311	-0.49193811416625977	-1.1550906896591187	2.3278439044952393	-0.30244994163513184	0.5874906778335571	-0.14606907963752747	1.5816353559494019	-1.0262895822525024	0.44434645771980286
0.11327187716960907	-0.11258814483880997	0.009075021371245384	-0.6173901557922363	-0.2827274203300476	-1.4996403455734253	1.5147931575775146	2.3674182891845703	-3.229053258895874	-1.104508638381958	1.484521746635437	0.5554049015045166	1.454241394996643	-0.06495992839336395	-0.38322827219963074	-0.3275509476661682	-1.5933326482772827	0.7925887703895569	-1.8694053888320923	-0.3106686472892761	-0.014084720984101295	-0.7203115224838257	-1.414941668510437	-0.774177074432373	0.12507732212543488	-0.23543231189250946	0.6010726690292358	0.7929002642631531	-0.11007530987262726	-1.1175090074539185	2.1801140308380127	0.7591395974159241
-1.1023757457733154	-0.7424067854881287	-1.3480240106582642	-0.08997774869203568	0.19471950829029083	0.5904813408851624	-0.6091386675834656	2.194676637649536	0.8253359198570251	2.657411575317383	1.6060155630111694	0.07072162628173828	-1.122767686843872	0.28226935863494873	-3.2071692943573	-0.7554877996444702	3.1465864181518555	0.14684544503688812	-1.5488160848617554	-1.8067022562026978	2.0009965896606445	3.647681474685669	1.8061153888702393	-1.4072062969207764	0.3127799332141876	-0.029652826488018036	-1.172355055809021	0.36396339535713196	0.8798130750656128	-0.9073073863983154	1.279935598373413	2.3034510612487793
-1.7865325212478638	-0.8567702770233154	0.18510136008262634	-2.7066221237182617	0.7457799315452576	0.6748585104942322	-1.6409882307052612	1.398792028427124	0.34409359097480774	-0.5539734363555908	1.3674167394638062	1.7693629264831543	-0.43490761518478394	-0.20554469525814056	-0.4453975558280945	-1.5146703720092773	-0.05092475935816765	-0.8489658832550049	0.873166024684906	-1.5055474042892456	-1.0873088836669922	2.083868980407715	1.9889286756515503	1.5900650024414062	-1.4936439990997314	-0.181226447224617	0.8032878041267395	-0.9173601269721985	0.5968183875083923	-1.8567126989364624	0.21478025615215302	0.17648641765117645
1.206508755683899	1.0457762479782104	-0.18570835888385773	-1.4289697408676147	0.4772008955478668	1.2125247716903687	1.4206963777542114	0.7620479464530945	0.5236255526542664	1.1165246963500977	-0.23092424869537354	-0.4467794895172119	0.5216109752655029	-1.592228651046753	1.5330007076263428	0.01539197564125061	-0.5976313948631287	1.5589802265167236	0.8957917094230652	-0.1441793590784073	0.9397010207176208	0.11621701717376709	-2.2022154331207275	-0.6873745918273926	-1.4314724206924438	0.20011350512504578	-1.1128458976745605	1.072453260421753	-1.2108113765716553	-0.4801580011844635	0.6026042103767395	1.2513997554779053
-0.04162852466106415	-0.030724868178367615	-0.0304980780929327	-0.8881866931915283	-0.7736552357673645	1.1761672496795654	0.7481731176376343	1.7669845819473267	-1.3876748085021973	-1.2806904315948486	-0.8977975249290466	-1.3796781301498413	0.2676444947719574	1.058182954788208	0.9025156497955322	-1.0614840984344482	-0.49758437275886536	0.8424205780029297	1.6757603883743286	-0.3957023322582245	1.086755633354187	-0.1985839456319809	1.4339655637741089	0.6833013892173767	1.5428565740585327	-1.7803579568862915	-0.26631850004196167	-0.14511579275131226	-1.770769715309143	-0.3470296263694763	0.9071811437606812	-0.8847600221633911
0.5160971879959106	-1.7080177068710327	-0.5340762138366699	-0.7331901788711548	0.32756268978118896	-0.7811184525489807	2.3117332458496094	-2.222273588180542	-0.45380210876464844	0.15065453946590424	-0.01432955265045166	1.0638606548309326	-1.7117563486099243	-0.1607322245836258	1.2742222547531128	0.2855896055698395	-1.2455848455429077	0.16145558655261993	1.7702497243881226	-0.9010804891586304	1.706053376197815	1.6929945945739746	-0.7939045429229736	-0.3062293231487274	2.2919154167175293	-0.5205472707748413	2.8132846355438232	-0.8078686594963074	0.32835155725479126	0.9756356477737427	1.1963850259780884	-0.12573695182800293
-0.34869325160980225	0.5284097194671631	-1.2432693243026733	-2.236492395401001	-0.2783012092113495	-0.9957427382469177	-0.09786976128816605	0.24750804901123047	-1.36221182346344	0.5271894335746765	-2.3900177478790283	-1.3978486061096191	-0.9674356579780579	1.2323275804519653	-1.121010184288025	-1.5601648092269897	0.0305803045630455	-0.9241997003555298	-0.9026633501052856	-1.6790854930877686	1.032279133796692	0.9837515354156494	-0.3974609971046448	-0.6047549843788147	-1.0631163120269775	0.4696192443370819	2.03617787361145	1.0676904916763306	-1.6157385110855103	0.5996043682098389	1.158246397972107	0.34403082728385925
-0.2884005308151245	-0.4497792422771454	0.23803666234016418	1.89352285861969	-0.10576556622982025	-0.36532312631607056	-0.03867697715759277	-0.9848299622535706	0.5405949354171753	-1.138004183769226	-0.07508383691310883	0.6750721335411072	-1.694008231163025	-2.070598840713501	0.8043712377548218	-0.29137280583381653	0.009976504370570183	-0.4203541576862335	-0.9708408117294312	-1.8330128192901611	0.9489085078239441	-0.5634007453918457	0.47536787390708923	-0.3511127829551697	0.16399887204170227	-0.6194183826446533	-0.08969184011220932	0.3186875879764557	1.1828782558441162	0.05027152597904205	-0.11137255281209946	0.13283562660217285
-0.8549454212188721	1.196987271308899	0.32136228680610657	1.774648904800415	1.1226680278778076	0.6890580058097839	-0.28311771154403687	0.8295416235923767	2.216376304626465	-1.1748683452606201	-0.8084990978240967	-1.2117048501968384	1.5345630645751953	-0.37975233793258667	0.22209575772285461	0.13536694645881653	-0.29786261916160583	0.22398358583450317	1.6077497005462646	0.6773033142089844	-1.6165807247161865	-0.4248947203159332	0.658535361289978	1.1287165880203247	-0.4334190785884857	1.211033821105957	-0.031522419303655624	-1.5312379598617554	-0.6775310039520264	0.5005941987037659	0.15817534923553467	-1.387818694114685
0.6184498071670532	-0.35691937804222107	-0.2259150743484497	2.031949281692505	-0.26386788487434387	-0.5762568116188049	1.6106384992599487	0.1718577891588211	0.26957476139068604	-1.5388551950454712	0.4861370623111725	2.3848555088043213	-0.88527512550354	1.1055665016174316	-0.06816369295120239	1.8066277503967285	-0.2811064124107361	-0.625963032245636	-0.6379019618034363	2.084670066833496	0.01566636562347412	0.48162537813186646	-1.5558538436889648	-0.0735526978969574	1.8765530586242676	-0.10032055526971817	0.39235201478004456	-0.6087359189987183	0.6308812499046326	0.03544469550251961	-0.170355886220932	-0.8173161149024963
0.6783985495567322	-0.5604887008666992	0.11846382170915604	-0.8977897763252258	0.8636889457702637	-0.933249831199646	-1.807798147201538	1.2359870672225952	0.8707476258277893	0.5642622113227844	1.0029194355010986	-0.49747854471206665	1.8933075666427612	0.9699328541755676	-0.4591576159000397	0.671471118927002	-0.9275136590003967	-0.8930951356887817	-2.690185070037842	-1.7981573343276978	-0.2874062955379486	0.14012302458286285	-1.8757243156433105	-0.31696030497550964	-0.5963910818099976	-1.252937912940979	0.44773197174072266	0.5370972752571106	-0.9636787176132202	-0.9956834316253662	-0.37442901730537415	2.689779043197632
-1.1482925415039062	0.8694808483123779	0.9980394244194031	-1.3098270893096924	-1.0866518020629883	1.3371596336364746	0.619560718536377	-0.8618689179420471	0.3335292339324951	0.3278253972530365	-0.8326855897903442	1.2546658515930176	-0.2905944287776947	1.1387861967086792	-0.27198556065559387	1.0157740116119385	-0.25193193554878235	1.4719022512435913	-1.0786733627319336	-0.7439491152763367	-0.44141969084739685	-1.3414080142974854	0.2681659162044525	1.9936901330947876	0.8286650776863098	1.1536740064620972	-0.9833739995956421	1.9163668155670166	-2.051408052444458	-2.332749843597412	0.5579923987388611	0.6433559656143188
0.7858479619026184	0.571977436542511	-0.9332878589630127	-0.7348695397377014	0.05522260069847107	-1.690353274345398	0.7532311081886292	-0.6308477520942688	-0.4598064720630646	1.533508539199829	0.38735470175743103	-1.1437311172485352	-0.006939150858670473	1.5159246921539307	-0.6721906661987305	-0.15727922320365906	0.730007529258728	-0.021388176828622818	0.10834752768278122	-0.46061718463897705	1.0787556171417236	-1.2704640626907349	1.2820194959640503	-0.43118053674697876	1.0182323455810547	0.08321269601583481	1.601584553718567	1.1642985343933105	-1.7722668647766113	-0.877495288848877	1.6141026020050049	0.5151179432868958
-0.8763960599899292	-0.9527888298034668	0.8927773237228394	2.1533074378967285	0.28734639286994934	-0.2296472042798996	-0.4525403678417206	0.522412896156311	-0.012472512200474739	0.6979735493659973	0.2040741741657257	0.7785242795944214	1.216182827949524	2.456542491912842	-2.2003164291381836	1.8568509817123413	0.7598856687545776	0.8771349787712097	-0.47623080015182495	0.7910981774330139	-3.156691074371338	-2.5011446475982666	-1.6060199737548828	-0.9711191058158875	0.5423656105995178	0.21531005203723907	0.024494510143995285	0.9790945649147034	-0.20152625441551208	1.8938932418823242	0.055695824325084686	-1.1938234567642212
-0.722661554813385	-0.45534083247184753	-0.03913328796625137	0.45988160371780396	-0.4889680743217468	0.6427077651023865	-0.5530945658683777	0.7096933126449585	0.6131377220153809	1.0551586151123047	-2.1807267665863037	-0.00834687240421772	-1.0256788730621338	0.27058765292167664	0.027569960802793503	-0.4810269773006439	-1.2184233665466309	-1.463776707649231	0.85077965259552	0.9501866698265076	-1.8823522329330444	0.9725690484046936	0.539435625076294	0.34198153018951416	0.009736285544931889	0.3129269778728485	0.7785096168518066	0.4011264145374298	0.17234325408935547	0.4328024089336395	-0.7996445298194885	-0.34902772307395935
-0.6305620670318604	-1.530959963798523	1.5210548639297485	1.3547464609146118	-1.0595535039901733	1.1545665264129639	0.08738947659730911	2.273716449737549	2.0048720836639404	1.2586685419082642	0.2099774330854416	0.18970870971679688	0.08192469924688339	-0.5080469250679016	0.7777705192565918	1.9842475652694702	1.554401159286499	-0.4251243472099304	-1.5197560787200928	-0.30405622720718384	-1.7359344959259033	0.7623814940452576	0.8155714869499207	0.6023572087287903	-2.395388603210449	0.4249659776687622	2.1510539054870605	1.9773046970367432	-0.7934038639068604	-1.3032697439193726	0.31898096203804016	-0.36286720633506775
-0.1441943347454071	0.7414606809616089	0.49307122826576233	0.6161217093467712	-0.25121504068374634	-0.6576265096664429	-0.9006770253181458	-0.013482071459293365	0.6865487694740295	3.4948763847351074	-0.35327744483947754	-0.6523770093917847	0.6693099737167358	-0.9501416087150574	1.8035390377044678	-0.6630598306655884	0.2532237470149994	0.9831916093826294	-0.9184473156929016	-1.7527040243148804	0.16467468440532684	-1.7717207670211792	-2.191279172897339	-0.9932686686515808	-1.110871434211731	1.8321168422698975	-0.04511365666985512	0.5613678097724915	0.16656531393527985	0.514090359210968	0.20313742756843567	0.7323450446128845
-0.3897522985935211	0.34303203225135803	-0.22360245883464813	0.19476653635501862	0.8118957281112671	0.4383135735988617	0.9012068510055542	-0.2532723546028137	0.4613167345523834	-1.088402509689331	-0.43165016174316406	1.1319578886032104	1.0850425958633423	0.03207830712199211	0.11929019540548325	-1.2526402473449707	-1.087278962135315	0.41309329867362976	-1.8082811832427979	0.8663504123687744	2.6181187629699707	0.009720535948872566	1.4780471324920654	0.767219066619873	-0.7412719130516052	-0.7758265137672424	-0.973960280418396	0.20623654127120972	0.7270644903182983	0.3831981420516968	0.8244297504425049	0.8442307710647583
0.391702800989151	0.36558499932289124	-0.7702400088310242	-0.7010246515274048	0.39466598629951477	2.6555850505828857	0.1321033090353012	-1.4084103107452393	1.4773963689804077	0.13693128526210785	-1.6313855648040771	0.28485167026519775	1.2385116815567017	-0.6188323497772217	0.39316698908805847	0.33936795592308044	-0.6724493503570557	1.42574942111969	-1.3230866193771362	-1.6105724573135376	-0.19481827318668365	-0.3048928380012512	-1.5540193319320679	-0.039611104875802994	-0.8727197051048279	1.2575536966323853	1.2091294527053833	-1.7292338609695435	0.2316756546497345	-2.217045783996582	-0.05912260338664055	-0.25238168239593506
-0.03227692097425461	0.1931869238615036	1.075166940689087	-0.4120180308818817	0.061007678508758545	-1.4917795658111572	0.5243041515350342	-0.061234913766384125	-0.8382269740104675	-1.066210389137268	1.4567266702651978	0.20491452515125275	1.4278364181518555	-0.3201109766960144	0.6347208619117737	0.26222527027130127	1.627383828163147	-0.7745571136474609	1.0979516506195068	1.4153223037719727	0.18536005914211273	0.9154035449028015	-0.7354152202606201	-0.9973645210266113	-0.030255762860178947	-0.3210046589374542	-1.104354977607727	0.2893381714820862	-0.19718442857265472	-0.28098732233047485	-0.6613027453422546	0.4764128625392914
-1.8624470233917236	-1.3710033893585205	-1.3342986106872559	0.05190470069646835	-1.5325442552566528	-2.0361833572387695	-1.226693868637085	-2.4561593532562256	-1.6867804527282715	-1.6024737358093262	-0.05790932849049568	0.7541784048080444	0.7910495400428772	-1.3491145372390747	2.2530930042266846	0.9290462136268616	-1.271914005279541	0.6879016160964966	0.9741987586021423	0.05120803415775299	-1.5163168907165527	-0.10278956592082977	0.842345118522644	0.6954411864280701	1.0554958581924438	0.600527822971344	2.2863645553588867	-0.8745999336242676	0.26474136114120483	0.6124992370605469	-0.9945899248123169	1.9935694932937622
0.9852034449577332	1.2055268287658691	-1.9465761184692383	1.7193750143051147	0.7220357656478882	-0.8253155946731567	-0.09388089925050735	-0.6514983177185059	0.5696666836738586	-0.6543095111846924	-0.7899097204208374	0.6062895655632019	-0.6834178566932678	0.33213505148887634	0.9142158031463623	0.0026247736532241106	-0.793364942073822	1.0028496980667114	-0.3442414700984955	0.07261116802692413	-0.2906988561153412	-0.062301114201545715	0.0545448362827301	-0.2095184326171875	-0.9455013275146484	0.933198094367981	0.23560011386871338	-0.8527376651763916	-0.3522741496562958	-0.3510177433490753	-0.710959255695343	1.6759384870529175
0.3255481421947479	-0.8906430006027222	-0.7376185655593872	-1.4154236316680908	1.5947962999343872	1.2590700387954712	-0.6491809487342834	0.6643447875976562	0.7119096517562866	1.4164621829986572	-2.168633222579956	0.7198857069015503	-0.15103058516979218	-1.6282637119293213	0.04913843795657158	1.1174044609069824	0.9325093030929565	-1.6095383167266846	-0.3629295229911804	-0.7035546898841858	-0.3666711449623108	0.47503459453582764	1.0784807205200195	-2.2018930912017822	-0.073938749730587	-0.9395675659179688	-0.8195667266845703	1.745337724685669	1.6171718835830688	0.5690492391586304	-0.6638978123664856	2.668166160583496
-0.6569942831993103	1.4019677639007568	0.7418481707572937	-3.3341875076293945	0.28747478127479553	-1.0256940126419067	-0.3698815107345581	-1.3397496938705444	-1.304724931716919	-0.2637878954410553	0.21395325660705566	-0.8293788433074951	-0.20407462120056152	-0.3159724175930023	-0.7858145236968994	-0.9659003019332886	-0.24506407976150513	-0.49433431029319763	-0.8356356024742126	1.2627534866333008	1.6778552532196045	0.7967604398727417	-0.09999587386846542	0.0938713327050209	1.425737738609314	-0.7420371770858765	-1.4054458141326904	-0.3572363555431366	-0.9388008713722229	0.7435454726219177	2.4837241172790527	1.0130337476730347
-1.3931407928466797	-0.20132780075073242	0.35116735100746155	1.7356493473052979	-1.7419586181640625	-0.044768575578927994	-1.9951056241989136	-1.1500869989395142	-1.2985671758651733	-0.3519817292690277	0.1226930171251297	0.7751469612121582	-2.613426446914673	-1.0400832891464233	0.5154232978820801	0.037892747670412064	0.6364153623580933	-1.5919175148010254	0.6030111908912659	-0.9165180325508118	-1.8007183074951172	-0.3414327800273895	0.7155211567878723	-1.1401029825210571	1.219620704650879	-1.3711638450622559	-0.7916810512542725	0.9956881403923035	0.29489758610725403	0.1814717948436737	1.2060855627059937	0.577279806137085
0.15702371299266815	0.6315130591392517	0.47085583209991455	-0.2638721764087677	0.243758425116539	-1.7721892595291138	-0.27716439962387085	-2.1241698265075684	-0.14891959726810455	-1.2811285257339478	0.301875501871109	-0.2856377363204956	0.754833996295929	0.716305136680603	-0.770149827003479	0.6847423911094666	1.347848653793335	-0.9927406311035156	0.08240460604429245	-0.8297275900840759	0.2725493609905243	1.0737906694412231	0.17170381546020508	1.0801986455917358	1.1346027851104736	1.2408781051635742	0.273507297039032	1.830936074256897	-0.6059116721153259	0.36816903948783875	0.3894350528717041	0.38547617197036743
-0.6528300046920776	0.5111395716667175	-0.24007578194141388	0.6116001605987549	-0.5131844878196716	0.3573947548866272	1.277126669883728	0.38904231786727905	0.1285657286643982	0.6891920566558838	-0.5973201394081116	0.2283964902162552	-0.10727592557668686	-1.3117365837097168	2.8279306888580322	0.365399032831192	-0.2015790194272995	-1.2735663652420044	0.10467498004436493	1.1051379442214966	-0.1310686618089676	1.1475085020065308	-0.5243043303489685	-0.8598641753196716	0.08372379094362259	-1.545524001121521	1.7051167488098145	0.05980755388736725	1.0807620286941528	0.10768257826566696	-0.09649160504341125	0.47655436396598816
0.7945865988731384	0.8086416721343994	-0.466040700674057	-2.1078011989593506	0.5697877407073975	0.23160138726234436	0.6631669998168945	-0.8591217994689941	-1.9939666986465454	1.6191953420639038	1.3325477838516235	0.8103203177452087	1.400168776512146	-0.8268312811851501	-0.18379400670528412	-0.07877472788095474	0.7343394756317139	0.976417064666748	2.5565826892852783	-2.6169724464416504	-0.459151029586792	-0.3858571946620941	0.8257070779800415	2.2542810440063477	0.2988045811653137	0.5675294995307922	-0.2552449703216553	0.21087229251861572	-0.21379585564136505	0.6751704812049866	-0.3558761477470398	2.3176844120025635
0.26397082209587097	-0.9557268023490906	0.5092460513114929	-3.0300562381744385	1.068819284439087	-1.3914275169372559	-0.628971517086029	-1.3865187168121338	1.1701799631118774	2.3154518604278564	0.5155898332595825	-0.3523425757884979	-1.828599452972412	0.6998360753059387	1.498442530632019	1.7024283409118652	2.150486469268799	0.15970781445503235	-1.9429922103881836	-2.0837182998657227	0.30514419078826904	-1.280536413192749	-1.0339272022247314	-1.3648921251296997	1.3242086172103882	-0.9472452402114868	0.0442512072622776	-0.8236545920372009	0.2615298330783844	0.18044883012771606	-1.4029933214187622	-0.38045957684516907
1.6804758310317993	0.23005042970180511	-0.7741210460662842	-0.13861991465091705	0.12388938665390015	-0.37259194254875183	0.4762115180492401	0.9542564749717712	-0.9325909614562988	0.6364056468009949	0.8459312319755554	-0.8152197003364563	-0.588791012763977	0.07524280995130539	-0.4319915473461151	1.0146594047546387	0.21330656111240387	-0.9713941812515259	-0.935488760471344	-0.6862046718597412	-0.042527761310338974	0.5231062173843384	-0.12178334593772888	-1.5382752418518066	0.06221088394522667	0.739313542842865	-0.3006608486175537	0.8403559327125549	-0.41501086950302124	0.354860782623291	-2.556532859802246	-0.6635368466377258
0.05758890509605408	0.11277326941490173	0.06847141683101654	-2.8840999603271484	1.2977696657180786	-1.0960742235183716	2.030816078186035	0.8086865544319153	-0.09518052637577057	-1.4034391641616821	2.5093183517456055	-0.40311434864997864	-1.7617542743682861	-0.4680255949497223	-0.44273465871810913	-0.49329864978790283	0.1154911145567894	-1.4074684381484985	-0.8007526397705078	1.4303306341171265	0.3859819173812866	0.8160152435302734	-0.22646355628967285	1.4529446363449097	2.145756721496582	1.3762308359146118	-0.09417806565761566	1.314298391342163	0.8331899046897888	0.8416633009910583	0.39537307620048523	0.09042184054851532
-1.2108787298202515	-0.02924436889588833	-0.1890927404165268	-0.02380324713885784	-0.026671256870031357	1.2711855173110962	0.3999670147895813	1.1587885618209839	-0.31254589557647705	2.55224609375	-0.6690911650657654	0.1591455340385437	-1.2176474332809448	-0.6755246520042419	-1.1186070442199707	0.6125363111495972	0.950120210647583	-1.3508639335632324	-1.1835535764694214	1.6715936660766602	-0.86705082654953	-0.5796371698379517	-0.5188015699386597	0.5765132904052734	2.043147087097168	-1.3183940649032593	-0.8348867297172546	0.8188399076461792	-0.6920175552368164	-0.2003774493932724	-0.7242909669876099	0.16781140863895416
0.06014377251267433	-0.04294782504439354	-1.6239625215530396	0.5430732369422913	1.1069507598876953	0.1663123518228531	-1.1670678853988647	-0.035962846130132675	0.7309494614601135	-2.2356038093566895	2.1481010913848877	0.8179773688316345	-1.0227892398834229	0.11734462529420853	-0.6609130501747131	1.0058040618896484	0.7472788095474243	-1.4014710187911987	0.7817528247833252	-1.3561314344406128	-1.0646181106567383	-1.7286427021026611	0.04484078660607338	1.5642259120941162	-0.8391662240028381	0.8503406643867493	0.38161712884902954	0.9644416570663452	1.3114135265350342	0.14204345643520355	-0.770431399345398	3.04327654838562
-0.276020884513855	0.07615215331315994	-1.2111051082611084	0.5340781211853027	-0.3022115230560303	2.2131154537200928	1.344237208366394	1.7740426063537598	0.009839997626841068	0.18844059109687805	-0.7727107405662537	1.6593201160430908	-1.1127079725265503	1.2737897634506226	-0.0027989577502012253	0.7296292185783386	-0.31281864643096924	-0.4546787142753601	-0.5812302827835083	-0.02636873349547386	-1.0682767629623413	0.2581976652145386	-0.4137190580368042	0.5522206425666809	-0.015131942927837372	-0.38932234048843384	-0.32694774866104126	-0.4190022945404053	-0.12134470790624619	0.4021928310394287	-1.7500126361846924	-1.8797377347946167
-0.8503401279449463	1.1292141675949097	0.29422277212142944	-0.6610099077224731	2.0479021072387695	1.7943994998931885	-0.2852230668067932	-1.5403990745544434	1.0680800676345825	-0.5803236365318298	0.2202858030796051	-0.7416020035743713	2.1061344146728516	1.4580544233322144	0.4815625846385956	-1.5744423866271973	-0.5437692999839783	2.130815267562866	-0.5357399582862854	-1.5242446660995483	-0.9487119913101196	0.1664312183856964	-2.0371878147125244	1.2142455577850342	-0.49433591961860657	-1.6662579774856567	-0.9943487644195557	-0.45563140511512756	0.03820207342505455	2.601234197616577	0.40520378947257996	-1.0322612524032593
1.380874514579773	-1.117077112197876	0.06569541245698929	0.5250803828239441	-0.21371176838874817	-0.09782728552818298	0.23910002410411835	-0.2920961380004883	-0.6761715412139893	0.8811014890670776	0.7126075029373169	1.784139633178711	-0.2981030344963074	-0.6278775334358215	0.760061502456665	0.7164356708526611	0.4172575771808624	-1.6820380687713623	0.6289631128311157	0.6769057512283325	0.6391666531562805	-0.38080188632011414	1.5938656330108643	-1.2370898723602295	-0.7091594934463501	-0.3188350796699524	0.6284159421920776	0.02242582105100155	1.9223672151565552	0.8767969608306885	-0.3880103826522827	-0.6412463188171387
0.3807945251464844	0.20500265061855316	-1.8144431114196777	-0.03300685063004494	-0.6972560882568359	-1.8118607997894287	0.9283162355422974	-0.531049907207489	0.5271670818328857	0.3383876085281372	-2.6021106243133545	0.0006620009080506861	0.7567198276519775	0.7071442008018494	-0.9931523203849792	-0.2509733736515045	0.9793996810913086	-0.9108306765556335	0.17367565631866455	2.469287157058716	0.8130894899368286	0.319526344537735	-0.9210465550422668	-0.22944369912147522	-1.1509038209915161	2.185750722885132	-0.037457458674907684	1.205613374710083	-0.9637866020202637	0.21234984695911407	-1.384842872619629	0.00801024492830038
0.8297423720359802	0.9456020593643188	-0.8095149993896484	-0.17568321526050568	-0.3952890634536743	-0.6932345628738403	-0.15756800770759583	-0.06473682075738907	-0.48348650336265564	0.3646481931209564	0.09056931734085083	-1.4306213855743408	0.038283634930849075	1.2001539468765259	-1.0486583709716797	-1.0153026580810547	-1.8167681694030762	1.3934646844863892	0.8652550578117371	-0.7088125944137573	-0.5009872317314148	-1.0230094194412231	0.5422504544258118	-0.25366032123565674	-1.093300461769104	1.1981619596481323	1.474800944328308	1.2178107500076294	0.9178855419158936	0.2304251790046692	2.1205248832702637	2.5569002628326416
-0.2645474076271057	-4.395747661590576	-0.09357201308012009	-0.12931859493255615	0.5559373497962952	0.5112669467926025	1.7755911350250244	-1.7227914333343506	0.9110084176063538	-0.022032907232642174	0.2178390920162201	1.480185866355896	1.7162944078445435	-0.14748600125312805	0.44572046399116516	-0.2847432494163513	-2.75071120262146	-1.309979796409607	0.7490760087966919	0.22805368900299072	-0.1526917815208435	-0.28086960315704346	1.5823365449905396	0.48357638716697693	0.44926556944847107	0.9212805032730103	0.17980952560901642	-0.5477311611175537	1.0004594326019287	-1.0042638778686523	0.8829245567321777	0.7196212410926819
-0.05473732575774193	0.5899630188941956	-1.6807799339294434	-0.8387759923934937	0.03313811868429184	0.6825187802314758	-1.6446627378463745	1.120967984199524	-1.9468523263931274	-0.14022782444953918	-0.6707974672317505	-1.9402209520339966	0.22419436275959015	0.4233715534210205	-0.8794006109237671	-1.4633378982543945	2.6633877754211426	1.7395011186599731	1.1759036779403687	-0.07423840463161469	-1.8978005647659302	0.6051926016807556	0.9672471880912781	-0.25843799114227295	0.23275992274284363	-0.43923720717430115	0.3410860300064087	0.6866213083267212	-0.052181731909513474	-1.2570676803588867	1.210494875907898	0.8795440793037415
-1.838721513748169	1.5112720727920532	0.7075465321540833	-0.640226423740387	-2.3968236446380615	0.21730564534664154	-0.5760018229484558	-2.42798113822937	-0.594723105430603	-0.47415533661842346	-0.6529043316841125	-0.8540828227996826	-0.626576840877533	0.3281383216381073	1.0132453441619873	-1.283556342124939	-1.4294193983078003	-0.6133447289466858	-0.075811468064785	0.6471914052963257	0.24313555657863617	-1.5728141069412231	-1.4242960214614868	0.34805259108543396	1.8101450204849243	2.6428093910217285	0.5307510495185852	-1.661126971244812	-0.9707341194152832	2.9278695583343506	2.5670082569122314	-2.253988265991211
0.6539493203163147	-1.62623929977417	-0.833494246006012	1.9205814599990845	-1.062930941581726	1.0302059650421143	-0.3860403299331665	-0.4957434833049774	-0.6551238298416138	-0.9121900796890259	-1.0460946559906006	1.5894529819488525	-0.16411443054676056	0.11108837276697159	0.13902436196804047	0.9745221734046936	0.4197643995285034	0.18067090213298798	-0.6155248880386353	0.5430094599723816	-0.5331037044525146	0.7897587418556213	-1.207031011581421	-0.09848363697528839	-1.5626246929168701	-0.6845554709434509	-1.0693551301956177	0.9358208775520325	0.1190919354557991	-0.6636856198310852	-0.7388700246810913	0.3322587013244629
0.6766952276229858	0.814343273639679	-0.8919683694839478	2.2932043075561523	-0.4025070369243622	0.00021003224537707865	-1.9825078248977661	1.5502556562423706	1.2975380420684814	-0.3135010898113251	0.33134910464286804	-1.2475391626358032	0.0888030007481575	-0.3612854778766632	0.8635608553886414	0.3743920922279358	1.0983848571777344	0.34723761677742004	0.12793394923210144	-0.41695693135261536	-0.9383906126022339	-0.3529857099056244	-0.4979058504104614	0.1919923573732376	0.31800782680511475	1.0659377574920654	0.2225918173789978	-1.035537600517273	-0.7227045893669128	-0.35091739892959595	-0.610866904258728	-3.562065839767456
-0.27428266406059265	0.9791664481163025	-0.6271138191223145	1.251691460609436	-1.0339813232421875	0.12355717271566391	-2.7587239742279053	-2.3727102279663086	-1.6890943050384521	0.03949744254350662	0.7088053822517395	0.0896090567111969	0.4433452785015106	1.1609448194503784	0.408517986536026	1.4834699630737305	1.363903522491455	0.5728673338890076	0.6580031514167786	-1.12989342212677	-0.2646753489971161	0.4369378089904785	-0.13005752861499786	-1.0145455598831177	0.7121453285217285	0.2623559534549713	-0.4760163724422455	-0.44502612948417664	0.9495574831962585	-0.573249340057373	0.9397130608558655	-0.6030961275100708
0.9861533641815186	1.092918038368225	-0.6799370646476746	-1.4736018180847168	1.334206461906433	0.2159448117017746	0.11297191679477692	-0.8994646072387695	0.39527589082717896	1.0298182964324951	-2.9799797534942627	-1.2036718130111694	-0.2691250145435333	-0.12310297787189484	-0.5278024673461914	-0.815382182598114	-0.27258580923080444	0.13053447008132935	0.6494355201721191	-1.851769208908081	-0.2087775021791458	0.4591049253940582	2.5581130981445312	-1.022032618522644	0.8590848445892334	-1.1145546436309814	0.36047276854515076	-1.983642339706421	0.10296238213777542	0.3286852538585663	-0.6974855661392212	-2.0944623947143555
-1.1833410263061523	-0.008869746699929237	0.3109723925590515	0.5119616389274597	-1.0623232126235962	0.053482335060834885	-0.8500300645828247	2.1602623462677	-1.8908559083938599	0.20887553691864014	-0.3253786563873291	0.8591049313545227	-0.8917773365974426	-0.2625337541103363	0.48167896270751953	1.2077211141586304	-2.0227885246276855	-0.907486081123352	1.154603362083435	1.3305820226669312	-0.42432132363319397	0.5521226525306702	-1.5828438997268677	1.6540067195892334	-0.6984565854072571	0.8877478837966919	0.8182666301727295	0.11394484341144562	-0.13097654283046722	1.0023012161254883	-1.9339269399642944	-0.9040458798408508
-0.16868743300437927	-0.8960382342338562	0.15669642388820648	-1.3037796020507812	-0.5039880275726318	1.4585093259811401	0.5114133954048157	-0.7799394130706787	0.1543029546737671	-0.33663755655288696	0.16232047975063324	-0.536226749420166	0.06546616554260254	2.010463237762451	0.09433723986148834	0.42333984375	-1.0675756931304932	0.17445392906665802	0.576026201248169	-0.2606465816497803	0.19707272946834564	-0.69724041223526	-2.1516060829162598	-0.6213295459747314	1.0750579833984375	-1.7951254844665527	-1.01781165599823	-1.2866506576538086	-0.6189897656440735	0.5075321793556213	1.034082055091858	0.42004045844078064
-0.9710381031036377	2.6108572483062744	0.14473305642604828	-1.0135252475738525	-0.48936957120895386	0.4027269184589386	-0.4765256941318512	0.6152814030647278	-1.163057804107666	-0.2053772658109665	0.4370158016681671	1.1917754411697388	-0.3768030107021332	0.8437045812606812	1.9507699012756348	-0.6688551306724548	0.46779993176460266	-0.8301792740821838	-0.11618032306432724	0.19582921266555786	-0.020608844235539436	1.27005934715271	-1.2641633749008179	0.9477477073669434	-0.39296290278434753	-0.4782697558403015	0.1736120879650116	-0.2883979380130768	1.1855571269989014	-1.8317185640335083	0.022783152759075165	-0.8866094350814819
1.1882717609405518	-0.8766446709632874	0.9139512181282043	1.4966363906860352	0.8862074613571167	0.783448338508606	0.188327819108963	1.2370855808258057	1.279801368713379	-0.28161412477493286	0.9790993928909302	0.7259515523910522	-1.074296474456787	-0.2661745548248291	-0.9740001559257507	0.21347276866436005	-0.1300266832113266	1.4503726959228516	0.2845798432826996	1.076941728591919	0.479817658662796	-0.6304998993873596	-0.29863497614860535	0.5703827738761902	-0.3689998388290405	0.3497907221317291	-0.5908592939376831	-0.2005840688943863	-1.5129005908966064	2.115549087524414	0.20485389232635498	-0.023403532803058624
-2.0695745944976807	-0.29183268547058105	-0.32100069522857666	-0.36377692222595215	0.7140122652053833	-0.07937327772378922	0.3525485396385193	-0.6628456711769104	-0.6177683472633362	-0.8811478614807129	-0.04773762822151184	0.8246926069259644	0.2546549141407013	-0.2273380607366562	0.8455809950828552	-1.741897463798523	-1.5255874395370483	-2.5912585258483887	0.1391817331314087	-0.47645601630210876	0.32235458493232727	1.5035555362701416	1.9175748825073242	-1.8127270936965942	-0.21007241308689117	-0.10115659981966019	-0.8251466155052185	-0.969530463218689	1.9540870189666748	-0.36343422532081604	1.3289930820465088	-0.42937904596328735
-0.6701978445053101	0.6719999313354492	-0.8160504698753357	1.2194396257400513	0.8569254875183105	-0.40048277378082275	1.6098947525024414	-0.1514262557029724	0.2443065494298935	-1.6944169998168945	1.5287249088287354	-0.4671453535556793	-0.7483539581298828	-2.242154121398926	-0.27222368121147156	0.3419238030910492	-1.4647330045700073	0.5200616717338562	-0.013176933862268925	-0.2783985435962677	-1.4999531507492065	0.9690549969673157	0.7441803812980652	-1.2148964405059814	-0.93471360206604	-0.08524955064058304	-0.5225807428359985	-0.19077225029468536	1.2923907041549683	0.4485516846179962	0.7881540656089783	0.925796389579773
1.3805062770843506	-0.09154551476240158	0.047056645154953	-0.9963468909263611	-0.3885675370693207	-0.7662935853004456	-1.2739704847335815	-1.8063746690750122	-0.9390761256217957	0.7123460173606873	-0.5307296514511108	-0.8204988837242126	-1.1305843591690063	0.4101424217224121	-2.8655691146850586	0.6980761289596558	0.9363591074943542	0.6850622892379761	0.8945583701133728	1.3198180198669434	1.9262982606887817	0.18664173781871796	-0.06475640088319778	0.17211829125881195	-0.13307544589042664	1.5061767101287842	0.6513200998306274	-0.6587452292442322	-1.1236552000045776	-0.214948371052742	0.891438364982605	0.7850275635719299
-0.24386662244796753	-0.6988124847412109	-2.2334299087524414	-0.09557287395000458	0.04994410648941994	0.7327612638473511	-1.8352112770080566	1.02314293384552	-2.709733724594116	-0.37950220704078674	1.392972469329834	-0.43292832374572754	-2.013420581817627	-0.287599116563797	-0.0962846651673317	-1.3979225158691406	-0.32064422965049744	-0.9211649298667908	-0.9810557961463928	0.9790836572647095	0.029753703624010086	2.0633368492126465	-0.008085682056844234	0.29929259419441223	1.2628225088119507	-0.6425299644470215	1.1584588289260864	1.3912041187286377	1.300552248954773	-0.5450783967971802	-0.7619391083717346	-0.3912041485309601
-2.067228078842163	-0.9576438069343567	0.29553285241127014	-2.5173346996307373	0.5916696786880493	-0.49552714824676514	1.2670155763626099	0.30494678020477295	1.3211827278137207	1.226965069770813	-0.2020467221736908	-1.384790062904358	-0.1553095132112503	-0.30112046003341675	0.9868817925453186	-0.20279499888420105	0.3275694251060486	0.08911426365375519	-0.8432157039642334	0.20699667930603027	-0.8090534210205078	0.6056962013244629	0.02629193104803562	-1.1529099941253662	-2.102491855621338	-1.3139582872390747	-1.871368169784546	-0.1780949831008911	-1.388270378112793	0.25658974051475525	-0.7052198648452759	-0.4871887266635895
0.5260192155838013	0.8073433041572571	-1.3603216409683228	-0.8307720422744751	-0.17700202763080597	-0.8720211386680603	-0.08187711238861084	0.23926150798797607	-0.8798707723617554	-0.3747020959854126	0.672813892364502	0.33400431275367737	0.3809245228767395	-0.36888203024864197	-0.903751015663147	-0.26483291387557983	-0.11084570735692978	0.5732856392860413	-0.5235373377799988	-0.4430133104324341	-0.6604289412498474	-0.352426677942276	1.3259133100509644	-2.072943925857544	0.8573684096336365	-0.7153247594833374	-1.1539450883865356	0.7002094984054565	0.9634212255477905	2.7599899768829346	1.1312988996505737	-1.1338361501693726
0.12677977979183197	-0.26897650957107544	-1.1225661039352417	1.486259937286377	-2.441537857055664	0.0750296339392662	0.28716692328453064	0.9677292704582214	-1.1082212924957275	0.6059350371360779	1.6744211912155151	0.9956820607185364	-1.0798121690750122	1.349032998085022	2.791029930114746	0.3479597866535187	1.544312596321106	0.44728222489356995	0.4864496886730194	-0.06812650710344315	-0.3868388831615448	-1.7947301864624023	-1.0778696537017822	-0.7678837180137634	1.6063560247421265	-1.1545079946517944	0.6281567215919495	-0.586757242679596	-0.8415527939796448	-0.16553319990634918	-0.20006348192691803	1.1136152744293213
0.10278249531984329	0.32423579692840576	0.8514645099639893	0.8315992951393127	0.07618264108896255	-1.047325849533081	1.7617555856704712	-1.1881271600723267	-2.2184438705444336	0.3478919267654419	-1.875813603401184	-0.22244764864444733	0.20063558220863342	-0.5172626376152039	-1.1277011632919312	0.9984583854675293	1.4843800067901611	0.02907721698284149	-0.935042142868042	0.3000674843788147	-1.8682457208633423	-0.589353084564209	-0.6978285908699036	-2.175577163696289	0.36331483721733093	-0.27008238434791565	-1.7968740463256836	0.45984187722206116	0.4694512188434601	0.8109116554260254	2.044790744781494	0.2016940712928772
-0.845646321773529	0.3578583002090454	0.5197955965995789	0.4982832968235016	-0.43977367877960205	-1.3775616884231567	0.5091856718063354	0.7400273084640503	-0.049716103821992874	-0.5222685933113098	-1.446401596069336	-0.9147974848747253	1.1202269792556763	1.9758142232894897	1.8192591667175293	-0.4277361035346985	-1.766658902168274	0.5403274297714233	-1.391749382019043	0.7767950296401978	-1.4662346839904785	-0.06054368242621422	-0.2736613154411316	0.443760484457016	0.06742528080940247	1.0892208814620972	-2.330095052719116	0.3277747333049774	1.0759413242340088	0.40422892570495605	0.5066739320755005	2.4029688835144043
-0.4255330264568329	-1.0112011432647705	-1.4126805067062378	-0.1126827746629715	-0.034158241003751755	0.1582927703857422	0.410179078578949	0.7819140553474426	-1.2055829763412476	-0.46224087476730347	1.096923828125	-0.7534682154655457	-0.4449048936367035	-0.44809120893478394	0.9870415925979614	1.1041005849838257	0.6526999473571777	-0.09881146252155304	2.4548678398132324	-0.5343759059906006	-0.1732006072998047	1.7211616039276123	2.2678983211517334	-0.11347129940986633	0.36322376132011414	-0.3677872121334076	-0.6207701563835144	1.2215379476547241	1.2451411485671997	-2.4617576599121094	-0.21848946809768677	0.37241533398628235
-0.04309280961751938	-0.049271512776613235	0.47741568088531494	2.062222719192505	0.831426203250885	-1.9770926237106323	-0.5033758282661438	0.5780120491981506	1.8580526113510132	0.423890620470047	0.5843595266342163	0.7935202717781067	-0.1504887044429779	-0.04198679327964783	-0.8774896264076233	0.8903761506080627	0.8722725510597229	1.1700668334960938	0.8873587250709534	-1.2508999109268188	1.1329971551895142	0.3815437853336334	-0.43404895067214966	1.501449704170227	0.7786227464675903	1.638297200202942	-0.039948783814907074	0.21059206128120422	0.7780361771583557	-0.9856952428817749	0.19499792158603668	1.2023833990097046
3.499796152114868	-2.025390863418579	-1.4336291551589966	-0.5281815528869629	-1.2839184999465942	-0.7144354581832886	0.6494452953338623	2.4334185123443604	-0.8743513226509094	0.5934008359909058	0.25844040513038635	-0.7802388668060303	0.1291765719652176	-0.31267181038856506	-1.09788179397583	1.635005235671997	-1.0138002634048462	-2.5245189666748047	-2.4520339965820312	1.7800370454788208	0.48591718077659607	0.950731635093689	1.8382471799850464	1.933937430381775	-0.7978562116622925	-0.9248532056808472	-1.7876375913619995	1.0238330364227295	-2.218376874923706	0.8947883248329163	0.3053191602230072	1.1871918439865112
1.7010568380355835	1.9403622150421143	1.240904450416565	0.24459786713123322	0.11915851384401321	-0.499129056930542	0.3913187086582184	-1.1134562492370605	-0.0836147889494896	0.6810697317123413	0.17570193111896515	0.03318661451339722	0.0659690648317337	-0.09629378467798233	-2.2556815147399902	-2.947080373764038	-0.7138275504112244	0.4153900742530823	1.338874101638794	-1.4036743640899658	1.38638436794281	-3.1323299407958984	0.6698106527328491	-1.386548399925232	-1.5660721063613892	-0.6932935118675232	0.47640061378479004	0.36943718791007996	-1.1732385158538818	-0.023555777966976166	-1.9225878715515137	0.4532254934310913
-1.3900607824325562	0.40411582589149475	1.254818320274353	0.6865399479866028	-0.10094248503446579	-3.12465238571167	0.5188757181167603	-0.6713829040527344	0.6172270774841309	-0.3195454180240631	2.0396578311920166	0.7523941993713379	1.1376640796661377	1.1169542074203491	-0.3973264992237091	1.5103933811187744	0.17179524898529053	0.10570109635591507	0.6169750690460205	-1.5218870639801025	1.3916422128677368	-0.43681928515434265	-0.03270738944411278	0.36254337430000305	-0.5317029356956482	-0.5063907504081726	-0.7753664255142212	-1.1643078327178955	0.9710763692855835	0.22030828893184662	1.53256094455719	-0.020567817613482475
0.6940567493438721	-1.4740610122680664	-2.989302396774292	-1.0222282409667969	-0.5255337357521057	-0.6613354682922363	-0.018106304109096527	-0.5497137308120728	-1.214125156402588	-0.00037156508187763393	1.088822603225708	0.7140272259712219	-1.1423431634902954	-2.4318854808807373	-0.5582171678543091	-0.6149067878723145	1.733419418334961	-1.2628575563430786	-1.2375277280807495	-0.06398170441389084	-0.7908486723899841	-1.5958577394485474	-0.9210067391395569	2.0621447563171387	0.9891052842140198	1.5647854804992676	1.9182764291763306	1.5200775861740112	-2.1930737495422363	1.6900746822357178	-1.472908854484558	0.42746779322624207
1.9559612274169922	-0.6647278070449829	0.7128883004188538	0.3805745542049408	0.28721553087234497	0.0469973087310791	-1.577282428741455	1.3782588243484497	-1.0523878335952759	1.7273668050765991	-0.744657039642334	0.6171178817749023	0.2978123128414154	1.060497522354126	0.6407111883163452	0.3636615574359894	-0.07296378910541534	0.11470579355955124	-1.2192167043685913	1.130541443824768	1.4766175746917725	1.2429955005645752	1.2630059719085693	0.08104710280895233	-0.17839016020298004	-1.8045549392700195	1.0553909540176392	1.6400099992752075	-0.9172385931015015	-0.1546105593442917	1.7503269910812378	-0.6264223456382751
-1.469977617263794	-0.7726423740386963	-0.13450637459754944	0.43753278255462646	0.42022135853767395	-0.3315351605415344	1.6408233642578125	1.3656233549118042	0.8293071389198303	1.2141931056976318	-2.4883151054382324	-1.011000394821167	2.081657886505127	0.9408454298973083	2.39132022857666	1.5071905851364136	0.28265002369880676	0.1637684553861618	1.1049628257751465	0.408528208732605	-0.9360452890396118	-0.027791375294327736	0.03354489058256149	-0.027475815266370773	0.8887866139411926	0.8594180941581726	-1.2919682264328003	1.0452800989151	-0.7927742600440979	0.8940171599388123	1.9320734739303589	0.3099629282951355
0.7399120926856995	1.161383032798767	0.28678709268569946	-0.638519287109375	0.33699432015419006	0.12045731395483017	0.9292052984237671	-0.7014877200126648	-0.551078736782074	-0.5998167991638184	-0.43672314286231995	-1.1118508577346802	1.5542997121810913	2.316666603088379	-1.4187037944793701	1.473163366317749	-0.7430740594863892	-1.0452306270599365	-0.2717173993587494	-1.1990442276000977	0.6820654273033142	1.688014030456543	-0.41290178894996643	-1.2651861906051636	-1.4074547290802002	-0.19699633121490479	2.2644574642181396	-0.262920618057251	-0.0535840280354023	0.6588429808616638	0.2756654620170593	-1.1571571826934814
0.5943942666053772	1.075695276260376	-2.4089648723602295	-1.4854109287261963	-0.7845369577407837	0.6400371193885803	0.24583669006824493	0.13024935126304626	0.38053128123283386	-1.6077502965927124	-0.07604698836803436	1.5240541696548462	-0.91783207654953	0.13237017393112183	1.5173466205596924	0.7209137082099915	0.6123760342597961	-0.4563448429107666	-1.2048784494400024	0.732574999332428	-0.6251602172851562	-0.5018372535705566	0.5016340613365173	0.8326241374015808	0.9326375126838684	-1.6800776720046997	-1.201828122138977	-0.02397131733596325	0.42011791467666626	-0.4323672950267792	-0.8675960898399353	0.18380451202392578
-0.5544005036354065	-0.305787056684494	-0.8801657557487488	-1.7660562992095947	0.1267722100019455	0.2512029707431793	1.9731364250183105	-0.22695010900497437	0.18036668002605438	-0.5143011808395386	-0.2941354513168335	0.816862165927887	-0.5964782238006592	-0.18646016716957092	1.176017165184021	-0.16457608342170715	0.41553840041160583	-0.839321494102478	0.030117278918623924	-0.31481191515922546	-0.1805628538131714	0.9083052277565002	-1.5607872009277344	0.6238695979118347	-1.575756549835205	0.9025020003318787	0.7748124003410339	0.22579063475131989	0.6271640658378601	0.4964221119880676	0.2913992702960968	-0.4357719421386719
0.7433098554611206	1.8700538873672485	0.2666468024253845	-2.531240463256836	0.007080909796059132	-0.15463632345199585	-0.8951272964477539	-0.7514470815658569	-0.23566830158233643	-1.132819652557373	0.43090683221817017	-1.374547004699707	0.16609156131744385	-0.5469896793365479	0.23984427750110626	-0.2582138180732727	-1.0556306838989258	-0.3991510570049286	0.20129737257957458	-1.4307541847229004	-0.35919296741485596	1.1206401586532593	0.6793420314788818	0.4338734745979309	0.013866846449673176	0.8129568696022034	-0.9539502859115601	1.722143292427063	0.9760739803314209	-0.04019027203321457	0.05649152398109436	-0.723556399345398
-1.311697006225586	0.1635616570711136	0.26010316610336304	1.4199906587600708	-1.8901207447052002	0.9171842932701111	-1.5330594778060913	-1.3109431266784668	0.02929411083459854	-0.9320268630981445	1.9099303483963013	3.7256734371185303	2.0976364612579346	1.7289422750473022	-1.164009690284729	-0.0972515270113945	-1.0540851354599	0.7456336617469788	4.28928279876709	-0.9123092889785767	-1.4691412448883057	-0.6991077661514282	-0.5694551467895508	-0.043102871626615524	0.3104897737503052	-0.32116565108299255	0.6563314199447632	-0.8112741112709045	-0.26075610518455505	1.2489533424377441	-0.7757979035377502	-2.294372081756592
0.055946025997400284	1.4944274425506592	3.109761953353882	-0.21175841987133026	0.9976978898048401	0.4563041925430298	-0.9818829894065857	-0.6851519346237183	-0.0394512414932251	-0.23984360694885254	-1.4690982103347778	-2.383983612060547	-1.3184548616409302	1.3609853982925415	0.5577709674835205	-0.838405191898346	0.12922778725624084	-1.1523138284683228	-0.4670112133026123	1.7105762958526611	0.730841338634491	0.8557403087615967	-1.9591665267944336	1.791700839996338	0.7874135375022888	-0.18675784766674042	-1.914448857307434	-1.6380707025527954	-0.7438352704048157	-0.23259831964969635	-0.5034371018409729	0.5072387456893921
1.6185603141784668	-0.8935753703117371	0.9589266180992126	-0.3967621922492981	1.054221749305725	-2.2396984100341797	0.7355701327323914	-1.7923978567123413	-2.0889666080474854	0.6947646737098694	0.19215941429138184	0.2783401310443878	3.074686288833618	0.8508346676826477	-1.1615633964538574	-0.6773526668548584	0.3816200792789459	0.9517654776573181	0.43245789408683777	-1.822195053100586	-0.24762268364429474	-0.2376839816570282	-0.4579238295555115	-0.22536534070968628	0.24266159534454346	-1.1483193635940552	1.7051643133163452	0.39756929874420166	-1.1430987119674683	-0.6997183561325073	1.2935060262680054	0.9563475251197815
-0.5456880927085876	-0.7717787027359009	-0.8282731771469116	0.7461628913879395	-0.11937075853347778	1.4308795928955078	-0.1524999588727951	-0.5745159983634949	0.8379541635513306	0.7325774431228638	1.5116004943847656	-1.5563981533050537	0.5234206914901733	0.773695707321167	-0.6724424958229065	-0.5327984094619751	0.4886978268623352	-2.055487632751465	-0.2029799222946167	1.3449815511703491	-0.39658379554748535	1.878860592842102	0.9502647519111633	1.1260548830032349	-0.689639151096344	0.8154515624046326	-0.7471593022346497	-0.13306353986263275	0.8437429666519165	-0.7168124318122864	0.05581836402416229	0.11120474338531494
-1.1665866374969482	-0.3597804307937622	-1.0914992094039917	0.18946334719657898	-1.6034311056137085	-1.0977932214736938	-0.5534732937812805	-1.7775777578353882	-0.4725465774536133	-0.3035641014575958	0.15774013102054596	2.1167473793029785	-0.8751935958862305	1.166805624961853	-0.18373151123523712	0.2255789041519165	0.7822701930999756	-0.02659669518470764	-1.6918529272079468	0.7982450127601624	2.839251756668091	-1.2237863540649414	1.068737506866455	-0.8085843324661255	-1.9291739463806152	-0.551883339881897	-1.2824139595031738	0.8445799946784973	-0.531589686870575	-1.385610818862915	0.9013516902923584	0.40667933225631714
0.7932817935943604	-0.3953098952770233	0.4170393943786621	0.7530548572540283	-0.14808379113674164	0.15675844252109528	0.9372016787528992	-0.6411782503128052	1.333343505859375	-1.3118640184402466	-0.43266963958740234	-1.1479169130325317	0.589350163936615	0.5186793208122253	-1.491261601448059	-1.6547516584396362	-1.673927903175354	1.344517707824707	-0.5271650552749634	0.42509350180625916	-1.623672366142273	0.3234902024269104	-1.418128252029419	0.3768234848976135	-0.2964731752872467	-0.18687154352664948	0.93955397605896	0.11345262080430984	-1.7022802829742432	-0.5985797047615051	-0.378991961479187	0.4946179986000061
